0.007812500000000 -1.564896627860312 0.487156481296591 1.372935553921218 0.389748008998019 0.227984074785300 0.099994470129742
0.007812500000000 -0.450063163560666 -0.057074794740655 -0.950008692897276 0.421351005900017 -0.152634232216864 -0.799817808280625
0.007812500000000 0.474602889960726 -0.809981971187862 0.566610686138329 -0.293915231161123 -0.104126430687289 -0.163585798836823
0.007812500000000 0.575950048049080 0.282007152241335 0.880146611597890 0.348146950712923 -0.117756304542616 0.221245031485873
0.007812500000000 0.840452303965498 -0.077992460613171 0.088770329293163 -0.115647816814134 -0.293044336719197 0.034402893651686
0.007812500000000 0.820222714166808 0.105985288694605 -0.938707020621449 -0.138588433654099 -0.404212225066171 -0.077642851263981
0.007812500000000 -1.518540974218384 0.080470431451127 -0.432835386011123 -0.377327770512139 0.236837510884953 -0.438087403641004
0.007812500000000 -0.789240805135899 -0.353420429345854 -1.080237238615124 -0.077137734669899 -0.373566975154249 -0.128554623827168
0.007812500000000 0.253336936338908 -0.163268444169411 -0.006026537513495 -0.160163639240148 -0.456462936117835 -0.317490722579647
0.007812500000000 -0.160197875280095 -0.629896752068435 1.136524778650916 -0.762375248571695 0.333393552095946 0.158281512737917
0.007812500000000 0.015268994082967 0.054686576042218 0.855333611473547 0.835036653018989 0.126182780955103 -0.535746748748465
0.007812500000000 0.418071698637711 0.674993423934611 -0.418924280113813 -0.153285029645524 -0.069577439293932 0.141319322602316
0.007812500000000 -0.201208281342776 -0.006389182100725 0.324024855332269 -0.063498289166355 -0.077749992112603 0.493703613772774
0.007812500000000 -0.016863487607496 -0.552539935073208 0.057199272831260 0.570424795188948 -0.479338521693615 -0.049603559305030
0.007812500000000 -0.258462695759549 -0.588918024643526 -0.341699197562590 -0.259521035771210 0.152581392405851 -0.256572755939072
0.007812500000000 -1.213915940634133 -1.318505855060143 -0.700094534396330 0.007950019561184 0.036718737904571 0.015429178523505
0.007812500000000 0.083527842496397 -0.026527066348460 -0.534229708375581 -0.515774328768944 0.139385103069543 0.564734949931682
0.007812500000000 -0.300004626502344 -0.423821418468303 -0.140813473454033 0.135970350543999 -0.485314104881378 -0.420765531340110
0.007812500000000 -0.171717855911040 -0.481362614403695 0.281622453328478 -0.060411976410793 0.150074113163441 0.163221278134853
0.007812500000000 0.153610214697127 -0.261462732161764 -0.655379631353724 0.757586976558267 -0.411318894629854 0.014423985523981
0.007812500000000 -0.369699133255461 -0.152950078555851 -0.123200613485561 0.055029872758446 -0.483716268450047 0.226723889066761
0.007812500000000 -4.542400719685688 0.839879169119989 0.615824457719278 -0.441206247745417 -0.083886025778403 -0.240790567040608
0.007812500000000 0.359120443940797 1.283409420557403 -0.698411822066351 -0.210532870443439 -0.302770899979272 0.219072316239963
0.007812500000000 -0.366726660563623 2.451377330479502 -1.420266594807182 -0.009091879799562 -0.011987667605341 0.102995495450477
0.007812500000000 0.269869464533378 -0.642016825001041 1.426456800492389 -0.337311508166480 0.139369815732934 0.263796979216234
0.007812500000000 -0.436153776310421 1.591117683491667 0.056172383241570 0.174880660318580 -0.095858252852455 0.131614546394751
0.007812500000000 -0.145706359563822 -0.292253440911840 0.030832073676988 0.332708603687967 -0.460659694986694 -0.674913952875898
0.007812500000000 -0.667273319215774 1.628306401551100 -1.901349882932587 0.079035702110959 0.077566772740093 0.061911103780788
0.007812500000000 0.015411206432460 0.605875315224186 -0.256308978202561 -0.895259806955837 0.454848184443333 0.131431104894284
0.007812500000000 0.488626661819366 0.302432413749995 -0.349496178537905 0.553504221771068 0.146257161900463 0.215815220591406
0.007812500000000 -0.128206658732670 -0.982224544335625 0.261627247039406 -0.029182564487416 0.333648065881828 -0.444401856994502
0.007812500000000 -0.636231486340512 -0.227978998229398 0.147671757176411 0.325684872659127 -0.470718790735899 -0.069798802861283
0.007812500000000 0.632509610920634 -0.098660923659995 0.037067305611886 -0.099572840649168 0.670016982113154 0.972888005374709
0.007812500000000 0.195299468033921 0.166054525625182 0.154335954319092 -0.598432298373105 -0.069996907068616 0.338582287173290
0.007812500000000 -0.342259159174843 -0.953902816997533 0.352798545866835 0.376240237411766 -0.314301545810556 -0.910640811712224
0.007812500000000 0.670051863832490 0.648813982041482 0.193008108328436 0.202764274469951 -0.278566940739427 0.251717423418663
0.007812500000000 -0.863717591070364 0.262988455112344 0.374624877374499 0.015885944636763 0.138224157954751 -0.493109428828318
0.007812500000000 -1.089875767081208 -0.596999865680801 0.213317049892829 -0.104452883272376 0.212357018397593 0.359387804462595
0.007812500000000 -0.603835382563634 -0.394774846148117 -0.313215394338435 -0.107461088532651 0.168763331926502 0.000751313061256
0.007812500000000 -0.302087537996043 -0.271741946272160 -0.174661830861201 -0.257524256766262 0.349597100180329 0.145439790005034
0.007812500000000 0.848950200365145 0.707071361483043 0.629551146578086 0.132558622338817 -0.324136141199650 0.016999425048796
0.007812500000000 -0.274063775184117 -0.158740697017204 -0.179413631699471 0.321719467267481 -0.135887420860899 0.619751139302596
0.007812500000000 -0.213114620456350 0.260458371853995 -0.429261715317387 0.087118349517271 0.500910427428233 0.407518622456172
0.007812500000000 -0.016686343632229 -0.237375719171636 -0.007630665485748 0.085710627790141 0.388735341630895 -0.771927513100551
0.007812500000000 0.211371663546027 0.277315478174186 -0.577816348733916 0.549064390725846 0.830017571172526 0.064182269083828
0.007812500000000 0.468210344589026 -0.116926900933347 0.402473929231253 -0.426502578167057 -0.741962454047700 -0.209222170009660
0.007812500000000 0.192527316825063 0.159850586817127 -0.429511978230306 0.967845908340995 0.516531857860434 0.285514114160869
0.007812500000000 0.647684690603915 0.723680312778973 -0.037207244883882 0.264338228608130 0.351626387487494 -0.316086571512873
0.007812500000000 -0.382219779167883 -0.310900011939365 -0.268483319652071 -0.173008974501524 0.259768595622729 0.519656878553896
0.007812500000000 -0.201067654945357 -0.305963228814403 0.126313445951030 0.155362799813113 -0.127377613825683 -1.127437530322436
0.007812500000000 -0.571256937632017 0.730449612982933 0.970316203836812 -0.099100241227054 -0.301033500691824 0.038726364749910
0.007812500000000 0.378008277730832 0.155873757082085 -0.428517368232204 -0.081766136096216 0.645019644645120 0.464222224670199
0.007812500000000 0.034566648762084 -0.742959318430590 1.981522751366116 0.117038877404040 0.456836730789863 0.489844302925705
0.007812500000000 0.468857978643331 0.458001700089519 -0.605424217456844 0.318208232022909 -0.154041454890151 -0.499902674825149
0.007812500000000 0.223943890508537 -0.179106035532972 0.004711445485675 0.674476869621792 -0.265018809278127 0.951044420493658
0.007812500000000 0.524267186544846 0.124689613526334 -0.159218185935154 -0.213646554908154 0.026425119643576 -0.594200399318868
0.007812500000000 0.226990187285032 -0.245975877912466 -0.724552011040211 0.416763871579282 -0.695961694684736 -0.571917788832455
0.007812500000000 -0.320953797024630 -0.236405409885674 0.549281953436602 -0.432919275756426 0.254287618729647 0.322513740495401
0.007812500000000 -0.705339922865464 -0.678406064181644 -0.221106487058256 0.044328482694122 -0.319352786829246 0.048716130262895
0.007812500000000 -0.026676639858922 0.099820845929713 0.187789423179842 0.522997858864942 0.266091534229087 -0.480480829274984
0.007812500000000 0.698608782413711 0.468290208612598 0.425157689195175 -0.437123731892037 0.132981613310892 -0.204769006806946
0.007812500000000 0.527093202995214 1.169514280687590 -0.836207266236913 -0.202947937968597 -0.003944445939686 0.055777263278362
0.007812500000000 -0.220245412711218 -0.176136694017246 -0.363291012388958 0.048673703735827 -0.270717376726195 0.216820941957869
0.007812500000000 0.218799797225425 -0.131578714555611 0.045489381622276 0.104936222232771 -1.064914358151381 -0.434699768024741
0.007812500000000 -1.069762004597190 0.700491133997622 -0.184497796699918 -0.037163447373917 0.579572495923245 0.128579525397338
0.007812500000000 0.197653690225371 -0.270871125905141 -0.669838394645406 0.744675935330070 0.014851014626978 0.084680159343616
0.007812500000000 0.442054789934034 -0.384246814603153 0.057958122972357 0.696483039632245 0.309543794079401 -0.057443248441334
0.007812500000000 -0.692234858046641 -0.597939793318296 0.121027768537115 0.560728438239830 0.291053243207512 0.337618469734841
0.007812500000000 1.095606334536642 1.030169312505557 -2.177684221274929 -0.241100760294620 -0.245294937493826 0.370149370668789
0.007812500000000 0.816467519699288 -0.032043516041966 -0.717142507758256 0.115722811662207 -0.149234881368061 0.608007127385990
0.007812500000000 -0.213173247220768 0.021668581987546 0.572220319679593 -0.055429516752623 -0.197870118266023 -0.766154782458745
0.007812500000000 -0.086396966586767 0.154208705611918 -0.182396361943289 0.928837488983565 -0.167153132244257 0.812993187893249
0.007812500000000 -0.124324003888179 -0.786635347494289 -1.310626333424841 -0.131132363378043 0.266479690621663 -0.157901571276913
0.007812500000000 0.446277937670770 -0.769486320424891 -0.603553601385708 0.124764270674752 -0.214788569861912 -0.476940752651833
0.007812500000000 -0.132953156525739 0.007057911212010 0.396386904097871 -0.475967990738287 0.524895091718029 -0.393362217083193
0.007812500000000 1.883516867333131 0.161526597831682 0.593693048917251 0.021651016838450 -0.000318243788085 -0.361682180602969
0.007812500000000 -0.234292864222601 -0.648712819411960 0.583893928283131 -0.290790239796476 -0.363519267750283 0.143680693361743
0.007812500000000 -0.105143297791575 0.026947977849119 0.166682931100178 0.095684189124201 -0.347692250297102 0.033822203724479
0.007812500000000 -0.233808135984674 -0.699240722489607 -3.056180878015570 0.177159866099874 -0.290982884313673 -0.090466298435351
0.007812500000000 0.353749607895413 -0.085981388952134 -0.082997805385917 -0.176237919802509 0.046015143718129 -0.903512055566051
0.007812500000000 1.031976634456597 -0.074733820974897 0.372156210008874 -0.443413616162710 0.003645113296351 -0.000306756350497
0.007812500000000 0.133389661745091 0.418090370483349 -0.189483169826915 -0.421439666090872 0.015081163133519 0.424103689321131
0.007812500000000 -0.091564544941371 -0.087613464005567 0.324709974900579 -0.577330040274875 -0.297822441477576 -0.005970993559049
0.007812500000000 -0.034618743328492 -0.201032905052640 -0.087874515042015 0.795021372048845 -0.384362554547324 0.068174798637288
0.007812500000000 -0.371844305001961 -0.322932567589791 -0.243147818457013 -0.138131622058427 -0.654096892422662 0.764887903068127
0.007812500000000 0.092176910249195 0.475712536584456 0.667710209837814 -0.555670070350945 -0.464652753078249 -0.275345546352910
0.007812500000000 0.753610149213794 0.007170894828899 0.428093771202203 0.184960535913842 0.093084058039969 0.609357508638481
0.007812500000000 -0.367625426708242 -0.251853114933916 1.270925037711407 0.069645219374744 0.166881303415296 -0.125929042977797
0.007812500000000 0.052824847614137 0.426054535062032 0.342004197576242 -0.218411021105291 0.283620153472647 0.605470328765985
0.007812500000000 0.114849218018498 0.066744322733158 0.503168093959471 0.698715268656672 0.472868493138873 -0.123977751100392
0.007812500000000 -0.652721015174332 -0.695400666920278 -0.184222650899001 -0.561456413157734 0.152174370779357 0.426193819712459
0.007812500000000 -0.092611398621393 -0.389261228522986 0.026044818475901 0.067814772313175 0.906880439012074 0.482723175420464
0.007812500000000 0.229543134826156 -0.261973344017800 0.150912237242191 -0.269412812372374 -0.641428496154012 0.237466330322666
0.007812500000000 -1.028073283949455 -1.081725894849515 0.406056232930268 -0.252752814444168 0.037623722023889 0.240510947760656
0.007812500000000 0.112104829853427 0.012624293508396 0.656523170384997 -0.700463449783723 0.286152612126943 -0.431813652979932
0.007812500000000 -1.268283153821518 1.092976256839567 -0.306745951860225 0.297642567037418 -0.330837633923221 -0.254197197535991
0.007812500000000 0.090463704439726 2.647992942096647 1.446121151573906 -0.019949752067404 0.188354235104353 -0.132622643421716
0.007812500000000 -0.230711649533476 -0.206388160362987 0.183716718885451 0.203548191342391 0.315617312723925 -0.333952547089238
0.007812500000000 -0.483305721913687 -0.317428891644736 0.539081710888563 -0.615113438274518 0.336444279664443 -0.658476719679841
0.007812500000000 -0.118341683896730 -0.689867131652128 0.095170735297065 -0.026228650014946 -0.324412557948685 0.073318986168495
0.007812500000000 0.231457560417705 -0.362644588780880 -0.240866849756869 1.060041452961714 0.461947459733715 -0.319369717894591
0.007812500000000 1.188833977582830 -0.366721938869717 -0.587966102049047 -0.285900747171371 -0.623842054034165 0.330893492699692
0.007812500000000 0.476913204317060 -0.250729300521244 -0.273177454080292 -0.713885312837683 0.323101233534825 -0.118853166385490
0.007812500000000 3.019857759778819 1.749696336177150 1.479869457644604 -0.113332162281449 0.169349166284584 -0.302544349038743
0.007812500000000 0.037254327240761 -0.044645237571195 0.230863997633503 -0.256562810428483 0.478530860997425 -0.714740089181646
0.007812500000000 -0.278276232467111 0.018130905734925 0.155935009933711 -0.838158343964312 -0.065130446713057 0.600371713649642
0.007812500000000 0.052592392587206 0.209238999262891 -0.090546848288416 -0.754975668084449 0.895149279598132 0.160439487603401
0.007812500000000 0.758091013865324 0.097468912884832 0.025013217791734 0.278000256841430 0.287259505942927 0.285556027024995
0.007812500000000 1.214351417856183 -0.389147134321052 0.999715372407987 -0.126163132713977 0.338980874357853 0.000490050914009
0.007812500000000 -3.690414455966574 -2.983852955874750 -1.009782391107113 -0.044498528613341 -0.143370768306888 -0.014468678569240
0.007812500000000 -0.288961968715828 0.042002878092069 -0.357924008717934 -0.137226906513162 -0.703026907413193 0.411320645009411
0.007812500000000 -0.172576542242585 -0.540123067063246 -0.276589330089984 0.776761958170623 -0.646154824755262 -0.344977502927446
0.007812500000000 7.596747247956865 -0.844806923650853 0.575286946976535 0.166690686154489 -0.022641081690192 -0.013590225826298
0.007812500000000 0.287150308194755 3.202030897748675 3.153717786711365 -0.191438284174391 -0.023173810145200 -0.252991259069910
0.007812500000000 0.923200369728339 1.046192691988495 0.176504387757062 0.055770562808981 0.050010949647973 -0.409054640889668
0.007812500000000 -0.442777817221321 -0.275600233407015 -0.360223410538166 0.113583871040406 0.589080044065174 0.090239538027390
0.007812500000000 0.081980429450480 -0.237999285864753 0.684550303747752 0.037199412015090 0.336410689623986 0.318892215910836
0.007812500000000 0.499906715647280 -0.100695135998193 -0.078102014409199 -0.100806143113104 -0.309128675407255 0.774488877444345
0.007812500000000 -0.250171708953574 0.055386112391006 -0.493593828305529 -0.236781301151787 -0.414327895260149 0.073887478328401
0.007812500000000 -3.577279151866895 -1.812536477079382 -1.879054830227706 -0.120267982585440 0.097728789089453 0.436389306859998
0.007812500000000 -0.453030441217632 0.306869324856341 0.282007217290064 -0.578938230505769 0.363853394399316 0.476165634852318
0.007812500000000 0.118979351481451 0.422460135065311 -0.474672218810564 0.752247201130907 0.203158514956296 -0.056996756975021
0.007812500000000 -0.142784433361939 0.252467947399864 -0.083714011508309 -0.770147325133280 -0.161618498052629 -0.266085010361647
0.007812500000000 1.025380223930449 0.454569577374283 1.204861940691321 0.763739620349551 0.307798491082183 -0.210228089040883
0.007812500000000 -0.059538395378907 -0.627809937906732 -0.234214735782121 0.495630254979931 0.104215751619703 -0.719214148145622
0.007812500000000 -0.055416623732835 -0.195111177952452 -0.460025443747722 -0.325541290939259 -0.628860527016221 -0.083457589112220
0.007812500000000 -0.084409832648035 -0.314993488793058 -0.112755619573054 -0.424348516528817 -0.136749528638510 0.489615009920250
0.007812500000000 -0.096436833320267 0.181405288653696 0.091014535871046 -0.314553421460475 0.333955042768938 -0.121864399549583
