0.003906250000000 -0.650294383489059 0.484506458411860 0.649741958246056 -0.326462840035856 -0.313164551938739 -0.109355185582826
0.003906250000000 -0.809023835359528 -0.071888491545601 -0.165627434608217 -0.033830784093292 0.599927162109748 0.057915876699472
0.003906250000000 0.150566501740485 0.442429412652519 -0.032874045023822 0.374606470380941 -0.466570526542296 -0.781575440445406
0.003906250000000 -0.975033950010322 0.271596764866414 0.477984419031798 0.193429654488010 0.352078834934415 -0.013126619024383
0.003906250000000 0.230377761019231 0.068624107293084 -0.095159322241708 -0.031147315073664 -0.276469456962683 0.443421990503182
0.003906250000000 -0.248351061300068 0.006046283712770 -0.138987771633798 0.107103983463398 0.453048159550560 -1.162642370321664
0.003906250000000 -0.288595204819260 0.581735090700510 -0.341027091238031 0.045322655753839 0.077455485088223 0.320357303126460
0.003906250000000 -0.492938223821981 -0.413415602736300 -0.492121719209336 -0.067785476300347 -0.147104922344041 0.232395835465464
0.003906250000000 -0.348371341263894 -0.969571780938969 -1.047107858113684 -0.379338260594720 0.215065845687069 -0.280497268543294
0.003906250000000 -0.147546344378933 0.445078075524420 -0.043481671809901 0.123070991141299 -0.549408398655153 -0.005515090482889
0.003906250000000 0.359560768191873 -0.050716097436085 0.157764497261237 -0.023298129616039 0.253699931188036 0.877248360498903
0.003906250000000 0.583042367101581 -0.572969649679777 -0.468788797102862 0.074428125807108 -0.591701107552565 -0.147535337872196
0.003906250000000 2.163086524091332 -1.925612041148245 -1.395372399055728 0.343545139425437 -0.030160211583440 0.276951885462413
0.003906250000000 0.964448257689973 -1.163338136141105 -0.778470974440268 0.631185314893259 -0.056207174796132 -0.095172367577401
0.003906250000000 0.300003392518176 -0.493875987457523 0.117101474368876 0.496204172085084 0.232499636534918 -0.019034043935280
0.003906250000000 0.473233579493281 0.454778043604300 0.083139364058604 -0.237115494267970 -0.545197207383625 -0.185379546374720
0.003906250000000 -0.033830341058913 -0.229210529303599 -1.662781747348413 -0.749914428455648 0.095792468672119 -0.404858286549416
0.003906250000000 0.036404220777904 0.864354500784080 -0.309958924436306 -0.432673517348096 -0.038156633267347 -0.230444081814484
0.003906250000000 -2.315226223483264 1.363034121539108 1.640626719972251 0.201598542332579 -0.090406276195115 0.236656613983938
0.003906250000000 0.573770982192964 0.070844834333222 0.942893279297229 0.006258568317108 0.136793458613522 0.493338969791046
0.003906250000000 0.022582685354998 0.032822698018157 0.266249782788503 -0.270090250508942 -0.093004439873810 -0.470092349667475
0.003906250000000 -0.591318259261582 -0.013233288488010 -0.762395069224403 -0.190563642748934 -0.788482275836978 0.049810482610106
0.003906250000000 -1.369742326971444 2.372825438705924 0.889181170001458 0.141982414903003 -0.063253225592671 0.157568596414106
0.003906250000000 0.486052472986777 -0.153155239362339 -0.239445655812297 0.166807059008303 0.080908093761257 -0.271028417456076
0.003906250000000 -0.043728882293036 -0.205282801451820 0.082944219991323 -0.514040190428537 -0.186569734285370 -0.110928974583105
0.003906250000000 0.363101474673627 0.294716022975467 0.449386917635453 -0.021787471200846 0.158580361113018 -0.380549508512270
0.003906250000000 0.084256361253599 0.268252182495791 -0.288752249403429 0.430098599152669 -0.033485648375975 -0.322127426446492
0.003906250000000 -0.450195241797185 0.163524395075748 1.179822648028861 0.195746050488834 -0.314993234724022 -0.395080720867664
0.003906250000000 -0.930957132793308 0.311600038359547 0.148905770045632 0.173986875963302 -0.426780825824343 0.924715592967272
0.003906250000000 -0.055208830447460 0.424358755690616 0.609067425970795 -0.227251099167002 0.271746397857946 0.439151940952101
0.003906250000000 0.048906421161961 -0.600022128599337 -1.233637174075358 0.513443838815219 -0.166079349281891 -0.071975580573291
0.003906250000000 1.036031042395706 -4.165972568127647 0.456294016570486 0.287701806436140 -0.018235228422892 -0.085046319633613
0.003906250000000 -0.183824079122684 -0.032200405765170 -0.187155185762340 -0.277967936369166 0.193196618177024 0.033592784408635
0.003906250000000 -0.790869156077264 -1.229049552247996 -0.163634460495459 -0.331074589592291 -0.030593638841564 0.565143690684987
0.003906250000000 -0.060374534129601 -0.163075236581792 -0.158395035834363 -0.321107602013224 1.284089653935826 -0.081629362433432
0.003906250000000 -0.188570573945294 0.055222098471240 0.110981409948059 0.102562958582376 -0.077896881965772 -0.438838915479009
0.003906250000000 1.089220887114330 1.125174812322361 0.693579691295793 -0.145317105194627 0.216231931016811 0.453928544270320
0.003906250000000 -0.009740423201787 -0.010864847920301 0.110167669925637 0.624896598161722 0.525818005199995 0.783996871402590
0.003906250000000 -3.894866394603108 -0.647028736008188 2.239076286966853 -0.132147362242683 0.213365430660289 0.022742172491703
0.003906250000000 0.311799268621723 0.912355649832925 -0.654386770341523 -0.184584627859371 0.402416058695911 0.113296286480015
0.003906250000000 -0.285580480495124 0.018172309679005 -0.927314225759476 -0.368507928679050 0.548308391853581 -0.308582153287479
0.003906250000000 0.316842088636773 -0.281033058296950 0.688057753219659 0.428502063963486 0.162307713204977 -0.015488952447519
0.003906250000000 -0.519024302335800 -0.265622317145975 0.220886576407303 -0.111456057347587 0.839464164288610 -0.215831524968356
0.003906250000000 2.744740361540956 -5.644506501491580 -3.433724585554576 0.216702664141243 -0.135451028242550 0.032085371008619
0.003906250000000 0.209282584707106 -2.064078611441646 -2.295816351364150 0.260376288651951 0.181151836214772 -0.015242995236687
0.003906250000000 -0.652830877204730 2.374457640456296 -0.938395105041888 0.040724623991861 -0.493448898624150 0.075971813531458
0.003906250000000 -1.373848373263841 -1.292298450171678 0.354889696641104 -0.326448109103074 -0.206409609501323 0.042996047726863
0.003906250000000 0.021733825484873 -0.038333714884192 -0.049070687596937 0.071954207751249 -0.618308037534996 -0.296802612502452
0.003906250000000 -0.022305269128430 -1.934879228942601 -2.315258516607232 0.028621218229745 0.070829471672865 -0.367191348375795
0.003906250000000 -0.120625448446365 -0.353292770550021 0.697469362566782 -0.470292505787036 -0.693620833523683 -0.085229974596779
0.003906250000000 2.345782514277164 0.655864263603596 0.778004578628218 0.038429443791583 0.119628289155454 0.274921256156261
0.003906250000000 -0.487894685269322 -0.463241183368475 0.051564464545615 -0.040638281956246 -0.274797994442689 -0.054441163609370
0.003906250000000 -0.125981736992191 -0.454022793325657 -0.301033780872282 -0.360710173451936 0.081069196537143 -0.015225807998763
0.003906250000000 0.355599514794083 -0.383675862201944 0.882574877501071 0.084369387040028 -0.036474002898705 0.031241804139720
0.003906250000000 -0.379401548980069 -0.179766528393869 -0.306433428348020 1.053193993332312 0.246241676891978 0.542374178797116
0.003906250000000 0.178956007126802 0.499091480764153 0.116867388767517 -0.495248394400908 0.442779152602058 0.344241795468068
0.003906250000000 -0.218504997937237 0.345325046259134 -0.289084359305293 -0.338593557872394 -0.285019429846557 0.785498149443025
0.003906250000000 0.142520615204289 -0.413392098575103 -1.213784801382750 0.451566116933550 0.557804924853571 0.296006529443474
0.003906250000000 -0.312131419739981 0.126920854994828 0.410727572894531 -0.359605491663284 -0.228925757650633 -0.440985026832334
0.003906250000000 -1.682324971967546 0.646172749694294 1.031346792983376 0.301400212424723 0.046972411183535 0.159625517791475
0.003906250000000 -0.551147854370371 -0.486678156845529 -0.478133301301417 -0.564523114913767 0.314316618846676 -0.393228241070673
0.003906250000000 0.584942428893832 0.174173091110286 -0.091168632906536 0.299302899896187 -0.386309621080788 -0.331346012411424
0.003906250000000 -0.079188554916919 -0.108151442164782 -0.370127528141848 0.030431691950090 0.358214048161710 0.215686434617036
0.003906250000000 -0.089191728679602 0.310499594858518 0.217829604587470 0.362701484715215 -0.582771154379444 -0.234889506288175
0.003906250000000 0.025248137040395 0.279529407957341 -0.132462727810344 -0.002129645538686 -0.881326451805801 0.171525477364741
0.003906250000000 -0.108398751899251 0.186619039819202 -0.150583406636014 0.288037117847335 -0.018680963660660 0.824734161250967
0.003906250000000 -0.245312471089315 -0.217771095302652 -0.411106703286003 -0.493809018652162 1.145352615618069 -0.177710400706477
0.003906250000000 -0.032618380349549 -0.061219776804643 -0.338785182820360 0.018418855709742 -0.231394512794935 0.148775344768605
0.003906250000000 0.995512177162212 -0.592245921016750 -0.886504941470015 0.199030365359717 0.180993974630322 0.164011445111804
0.003906250000000 0.768693152741725 -0.039179052228540 -0.572194029118372 -0.133660464294621 0.373921078966335 -0.585025841503181
0.003906250000000 -0.394426204928227 -0.224344104369058 -0.077100354271401 0.005169404657658 0.671936336468359 0.325957997594302
0.003906250000000 -0.229008807453524 0.280162808715840 -0.248275853538408 0.106323099158446 0.287417284900474 -0.115883970870889
0.003906250000000 -0.012326067547966 -0.322673794435088 -0.216606673732914 -0.023417314002134 0.200992931092704 0.649860998664706
0.003906250000000 0.679342123443601 -0.603689890520230 -0.087480029188637 -0.120287502064866 -0.696864727863914 -0.029160872217075
0.003906250000000 -0.006418929455763 1.094707747303768 0.239291009674937 -0.151371483855837 -0.717161936949825 -0.150205082043501
0.003906250000000 1.979747144518595 2.026648135004418 -1.483040611637363 -0.448186078848106 -0.017627597590658 -0.471240373573460
0.003906250000000 4.539772888679634 -0.547746198454382 -1.586590176284218 -0.192067228583689 0.016449210741438 0.046653260005808
0.003906250000000 0.058041790701521 -1.876846543272577 1.677108853988825 -0.010916521087310 0.311621775033262 -0.364509140201230
0.003906250000000 0.304721638874735 0.681172881540053 -0.310357175826663 -0.477656676250836 0.260257411376798 0.460955314826716
0.003906250000000 -1.271639346184670 0.554018886770249 1.511044186703392 0.158010887179688 0.317231041838781 0.245664632264823
0.003906250000000 -0.592286691757179 -0.552729438405619 -0.220031300731114 0.082470002130428 0.034208079094804 -0.271292155282488
0.003906250000000 -0.813758472799729 0.054709852454758 -0.527114147644041 -0.566972936597021 -0.368471121277141 -0.064700138451321
0.003906250000000 -1.233712898449721 -1.377442207143404 -0.602862650958565 0.385131523634966 -0.438441514608518 0.275745878949717
0.003906250000000 -1.470822304102676 0.227385605008854 -1.612889663969456 0.014792444632448 0.023568336453566 0.177090515239177
0.003906250000000 -0.231662272676934 0.634344418068250 -0.282390492616751 -0.220096357854750 0.451414248574123 0.775061440198143
0.003906250000000 -0.045775210700656 0.645417208673666 -1.070147570546711 0.247831991522054 0.136503896868310 -0.752717028645370
0.003906250000000 0.629406658492931 1.596231779322291 0.232700703234291 0.309937524482167 -0.453089549099891 -0.008601316570459
0.003906250000000 -0.311572411294382 0.439760390806089 -1.385229054963090 0.257961767007330 0.329095111477953 0.190780776108091
0.003906250000000 -0.022176344604840 0.001045901885383 0.114962001739337 0.532998234463430 0.649943817043051 0.088032895819082
0.003906250000000 -0.250054685669384 0.033422672456244 -0.055963942258018 0.870920866570134 -0.151332813274756 -0.185659022076342
0.003906250000000 -1.151045334041654 0.032758866336559 0.041205907212792 -0.338990461195093 -0.155732988262458 -1.045054546293424
0.003906250000000 0.014465800008327 0.027028814755398 0.292536298265588 1.095336441715882 0.103109954380655 0.351143973950710
0.003906250000000 0.169362500479067 -0.997869235625199 0.671355539040642 -0.083566026076807 0.137466486850740 0.064673771154719
0.003906250000000 0.261688609101974 0.360261331561028 0.837929365959725 0.177863314621447 0.145585210395687 0.169686846356907
0.003906250000000 0.457120458887061 0.015986962537579 0.008583940695055 -1.243006728444555 -0.668786584533055 -0.180929293834252
0.003906250000000 -0.011509882498818 -0.180901471970075 -0.288275464153895 -0.607142537147177 -0.158789619235136 1.040780807015190
0.003906250000000 -0.470470813239543 -0.189687901326971 1.076684215996936 -0.004688191274841 -0.323978462644481 -0.116856117012547
0.003906250000000 0.328409220423274 0.534291136658421 1.049195446454346 -0.533440686574549 -0.050388390866769 -0.104347523555397
0.003906250000000 0.112346137872139 0.168173965579447 0.175848361711537 -0.393612802985937 0.436640131769157 -0.507001433707121
0.003906250000000 -0.498312105068852 -0.439553564770620 -0.158147732464619 -0.584182099979098 0.038457130941233 0.559039116447199
0.003906250000000 0.008574719698191 1.296557675633233 0.806512976260202 0.245388965662001 0.771797449228550 0.025548352295611
0.003906250000000 -0.142391803153364 0.412673307753501 0.569856497253903 0.268497159232324 -0.185241902004155 -0.176321006041535
0.003906250000000 0.354388698860038 0.277447642692250 0.090104192158291 0.491392140158819 0.784599242204871 -0.404744590933572
0.003906250000000 0.095092718247313 -0.261346098349030 -0.106286584561455 0.196174242638505 0.893539811731742 0.397479453551362
0.003906250000000 0.579017921146418 0.425974783932788 0.060780957496201 0.491304531229923 -0.117454462200996 -0.301098063913611
0.003906250000000 -0.375091787531593 -0.221612319012122 0.169504681031693 0.208715972208555 0.386927312611231 -0.300172316176403
0.003906250000000 0.055107998267586 -0.672345797932330 0.744789485856805 -0.056883897322012 -0.451895676701298 0.287020987595407
0.003906250000000 0.322198783117446 1.837474827745763 1.068192428668114 0.515376655056150 -0.032583552807117 -0.200417009377163
0.003906250000000 -0.753981835847140 0.147602060085790 0.119906439164107 -0.057705415875494 0.277861216863483 0.396175776142008
0.003906250000000 -0.998105647784507 -0.106963285185309 0.265003752683250 -0.222046989006537 -0.670288539664072 0.454638772781947
0.003906250000000 -0.539418669654763 0.059385139451316 -0.013607643092867 -0.098540084676951 0.089367846306288 -0.788009694763820
0.003906250000000 0.009023614506062 0.228903200776031 -1.190226602564332 0.008836321053885 -0.464451232756094 0.500948473170762
0.003906250000000 -0.003523215396000 -0.098781872509969 0.213621383458975 0.529028419616720 0.501032846608853 0.735260206951877
0.003906250000000 0.598998690792042 0.642232785331614 -1.208779116112427 0.183085919896450 0.174129440026907 -0.073967832747761
0.003906250000000 0.200208818901367 0.235894573452336 -0.439494009947444 0.157862397155136 -1.151685107454506 0.098621493735814
0.003906250000000 -0.128646964850715 -0.073317536333699 0.092689310139702 -1.228666675048010 -0.051784652327649 0.566504786360129
0.003906250000000 1.243895746414835 -2.794379068705361 0.713645981269770 -0.140637373596623 0.392999331926777 0.151238454419285
0.003906250000000 0.649661117300921 -0.810669274947629 0.262782845825080 0.217339347786862 -0.197264559736930 0.068437534386478
0.003906250000000 0.151622634263957 -0.049583555166471 -0.000790440499582 0.430708989234866 -0.152731221204962 0.157250688824136
0.003906250000000 -6.160660152127101 2.496797643156488 3.580181551848160 0.173074128165188 -0.311250128445612 -0.179303655574311
0.003906250000000 -0.217306835495716 0.628393134704375 1.205308830683996 -0.403175503177958 -0.318562389178800 0.088007673512007
0.003906250000000 0.201256353847912 -0.172563318417088 0.020274663061573 -0.397380166368390 0.280826434771883 -0.371463655533836
0.003906250000000 -0.301344168138034 -0.950812154429132 -0.380834241026297 -0.134425101946740 0.148315213846811 -0.746478070824700
0.003906250000000 -0.300036011785866 -0.275714179998803 -0.006760019187153 0.814978835427911 0.069327168183006 -0.027440354006848
0.003906250000000 0.104554186288700 0.589564792625066 0.941192012028611 0.130946146652469 -0.375908424795913 -0.597747694662473
0.003906250000000 0.087216294161788 0.289182321748436 -0.059133341453599 -0.090817687908599 -0.587018084123637 -0.706687544270173
0.003906250000000 -0.335500328162061 -0.051013075986579 -0.013309498620172 -0.250833160012924 -0.114400492081437 0.240385685457113
0.003906250000000 0.472182218685011 -0.537663072986684 1.412685506573031 0.213690720478640 0.785172749654746 0.217980511384354
0.003906250000000 -0.498087232065985 -0.139435014026177 -0.456722907199946 0.357877453283714 0.312680741745379 -0.397989551155769
0.003906250000000 1.131157518645068 -3.397094417712081 -1.608855026396443 0.165095253995323 0.278130342374569 -0.013059105956674
0.003906250000000 0.231438736798117 0.496514633532593 2.860383197093459 0.006871237505397 0.051422312911631 -0.184212364262505
0.003906250000000 0.074502150507368 0.020942904503161 0.751590261126833 0.268890207077263 0.702941134858599 -0.428424338355798
0.003906250000000 -0.351508335962680 -0.369136914011178 -0.017271342925737 -0.442548073997573 -0.275186958715712 -0.929233530952586
0.003906250000000 -0.110345964831594 -0.011170939221891 -0.272206695216206 -0.068074577138931 -0.717623778730174 0.494580509666472
0.003906250000000 -0.310189895970330 0.879696531451833 1.254867941753343 -0.215835353159754 -0.641209287395020 0.141911927884787
0.003906250000000 -0.219858608634523 -0.146848949796778 0.084078387799877 0.414271039503338 0.889017151510813 0.368079701839171
0.003906250000000 1.481538286232440 0.258746779466094 -0.485646688165837 -0.235285222197380 -0.200790893521511 0.035674036018998
0.003906250000000 -0.303954308485110 0.239149458049918 -0.264303555235897 -0.819755347909775 -0.703378938882102 0.167781077376792
0.003906250000000 -0.562179769017439 -0.034074999304716 0.314368614750501 -0.277006075814513 -0.011966699325351 -0.208401661344250
0.003906250000000 -0.089590565717572 0.339782277023648 0.214214866172013 -0.296415585134611 -0.134781386796829 -0.386788301122773
0.003906250000000 -0.156609523525253 0.419642010801882 0.132463239771032 0.058340711071603 -0.901873583903064 0.599479202377081
0.003906250000000 -0.333415153617448 -0.570626822713169 0.260431940921341 -0.012463659517264 0.828699863143896 0.292679555857927
0.003906250000000 -0.009092650075705 -0.284534529332153 -2.212200214594586 0.351633826675628 -0.050794588340958 -0.375596145322350
0.003906250000000 -0.329777770896828 -0.281753695464352 0.023436696317296 0.090157576317184 -0.669828810502610 0.264167530544101
0.003906250000000 -0.188789250674799 -0.389162487360953 0.390712162326437 -0.108688910985960 -0.082577371905842 0.413645599935622
0.003906250000000 0.094335308346084 0.440826945401715 -0.189686921740901 1.008253881082069 -0.268718879055210 0.943514851460363
0.003906250000000 -0.699914524286903 -0.124171818879339 1.548258682464257 0.383756550960599 -0.366205225138871 0.184714080377682
0.003906250000000 0.880499854311350 -0.062851358794016 1.218393604603948 -0.514271971161847 -0.514332008275655 0.367169934964779
0.003906250000000 -0.120252552268774 -0.005803155534209 -0.423272931907889 0.673545512020879 0.085987186265016 -0.160134953076706
0.003906250000000 0.397419767781188 0.142686556114718 -0.116034213147520 0.827228124007450 -0.362769441390676 -0.095469284820232
0.003906250000000 -0.051646587105250 0.002730028604219 -0.448867170156227 -0.069911691725080 -0.398070818043261 -0.057918527786100
0.003906250000000 0.151394227473991 -0.822037997133064 0.765946205761091 0.468654477150305 -0.168300685069012 0.130489580280061
0.003906250000000 -0.684050427618206 -0.845708415556486 0.043141329343134 -0.136000187049357 0.116473793058280 0.127547188163149
0.003906250000000 0.178586315217820 -0.729871929715235 -1.148223754533540 0.113222810362357 0.421333920693692 -0.294656077204348
0.003906250000000 0.260193428945593 0.554213273939806 -0.331902039408002 -0.081911998569428 0.373314954041813 -0.296182113602398
0.003906250000000 -0.488584668895798 0.250691036839225 -0.814032306320044 0.294655862852873 0.262632145107118 0.230862738084366
0.003906250000000 -0.205033805467165 -0.500634365493825 0.624532205238997 -0.144649295145153 0.221066455201855 0.445921425315923
0.003906250000000 0.048774000996523 -0.003135728094173 0.432822807941626 -0.095311567440405 0.240439665140663 -0.293304295550008
0.003906250000000 -0.009082427846787 0.033353912648383 -0.153793639540313 -1.051337101399250 0.587303645712715 0.175877773062128
0.003906250000000 1.122815060450989 0.249732471438160 -0.779585341733264 0.176222326071106 0.805422538456314 -0.293274895518809
0.003906250000000 0.324888538218618 -0.068899444530855 0.037366696585530 0.915333604760351 -0.643907972700118 -0.453841163478427
0.003906250000000 0.122594886327636 -0.439560031688935 -0.136975333375252 -0.299255138343008 0.882899217429428 0.225196817873693
0.003906250000000 1.691117062250389 2.821958359443333 -6.940910989527765 -0.094755503959202 0.079563119268682 -0.287906296343440
0.003906250000000 -0.452129377871366 0.435334056631739 -0.056194412226351 0.137793698299540 -0.203758390222908 -0.620095790519578
0.003906250000000 0.778194829460441 0.307556096355340 0.981557366638495 0.124534321181398 0.151013473439879 0.379617890358749
0.003906250000000 0.037195892996071 -0.054696211722884 -0.138275823088485 -0.150841667834678 0.297152441737089 -0.517043441204418
0.003906250000000 -0.627272782402977 -1.108981575787600 -1.502122088003681 -0.168148286895629 -0.391108195743886 0.348781838596439
0.003906250000000 0.618494874557968 0.131347732792477 -0.115264810218507 -0.029254398498508 0.461665219433977 -0.358210262993353
0.003906250000000 -0.124111896244278 -0.451024119125693 0.163060914626624 -0.272331810735395 0.417233964235482 0.268243365171905
0.003906250000000 1.555849281255364 -0.035293419463806 0.625245513682459 0.304742426366321 0.052796968925287 0.061174153178233
0.003906250000000 -0.282351120379943 1.698593916381813 1.445632544268933 -0.106075912606145 0.107916031736139 0.026924068456844
0.003906250000000 -0.227826994007825 -0.562844149075460 0.515532450847330 0.211578577489914 0.017261542065689 0.159406488310472
0.003906250000000 -0.810129878842919 0.166124106350377 -0.364737267167925 0.969619117707682 -0.328101622635142 0.243423185723138
0.003906250000000 -0.045860447921144 0.301765373776193 -0.525289469957876 0.068739097340062 0.265952322328539 -0.330983503249470
0.003906250000000 0.381645447895221 -1.460519647739477 0.255311335351750 0.267563200417569 0.028988914536913 0.293798315507812
0.003906250000000 0.636680416710697 0.604932690797781 -0.414535941634666 -0.158345186933992 -0.151340439045948 0.356848351191205
0.003906250000000 -0.167217925388781 0.662865543746848 -0.697358771151296 -0.377204956117076 -0.613881748642876 0.480106772885057
0.003906250000000 0.238589416317725 -0.208921927986235 -0.090441193541170 -0.549560379356397 -1.061327238423011 0.391280007609066
0.003906250000000 -0.046683157929664 0.150703668269129 0.055249061224402 -0.242816484668606 -0.652613993262312 0.883077931653220
0.003906250000000 -0.594504286549585 0.484650439288072 0.268792069324999 -0.142139867631536 -0.114427088675824 -0.861263257950259
0.003906250000000 0.995049531768266 -2.068471044250902 1.017963855596629 -0.123949807313493 0.239384690723239 0.121477042835351
0.003906250000000 -0.080784075169664 0.398596772092248 -0.046785486517896 0.251151425879781 0.311133355744109 -0.843787628190048
0.003906250000000 0.144960193837238 -0.648792029701750 -0.743437600015003 0.049258732875742 0.559891559489624 -0.156058811930220
0.003906250000000 0.153751906123504 0.187629134089483 -0.000929797146507 -0.377353533621440 -0.561118816149954 -0.665909272664033
0.003906250000000 0.259776299654788 1.052945310504561 -0.634884916302670 -0.361052129975816 0.435869956522684 0.366814353646912
0.003906250000000 -0.176051054569042 0.992506329897721 -0.319328977943011 -0.095021381738963 -0.080283637638328 -0.324554095345085
0.003906250000000 -0.453575114257683 -0.214114218111990 0.613358941971801 0.082159414005429 -0.678913449266717 -0.158064661860529
0.003906250000000 0.485003488149210 0.730176013525066 0.800844114566853 0.183573725754570 -0.181833249269386 -0.427857628250289
0.003906250000000 0.119032828542563 0.777252333658664 -0.333016162383751 -0.474496540547470 -0.193493726428922 0.639785334970752
0.003906250000000 -0.587232713105948 1.625770268727787 0.510344208910925 0.283824737488618 -0.041105930439678 -0.550334336464098
0.003906250000000 -0.395053309138083 -0.185528465235390 -0.418052243607254 -0.447932416333410 -0.498923828602873 -0.271893287046295
0.003906250000000 -0.294990691573153 0.031464240294550 0.389116485238009 0.946335185104448 -0.035861791585247 -0.318167259725899
0.003906250000000 -0.457654196361104 -0.338790997551340 -0.239925750212477 -0.239061898456811 -0.090112502663421 0.913272466065926
0.003906250000000 0.383240786947784 0.220218396113813 -0.206070259072200 -0.271798087386460 0.178727138168078 -0.914620470324553
0.003906250000000 0.148139551490833 0.338779671673421 0.029021700612064 0.108089485930174 0.479681821684687 -0.769176239545294
0.003906250000000 -0.164176281975674 0.297906048162718 0.101723083601729 -0.371855081483150 -0.462863998057189 0.259431836452912
0.003906250000000 -0.873101968493541 -2.347410004171920 -2.572615922670324 -0.179355376894389 -0.106446008595984 0.127399395337090
0.003906250000000 0.242078883619385 0.012591896045213 -0.457056550503504 -1.128430774378970 -0.263455591886410 -0.048373385428834
0.003906250000000 0.076418087681028 0.507437414684928 0.168026627797183 0.746534860368078 -0.501423020492145 0.318628988235397
0.003906250000000 -0.588591305152554 0.953832503130254 0.368685617532176 -0.563407008088299 0.727461455714594 -0.157161798950042
0.003906250000000 2.087434165253207 1.483517619565625 0.115205892746057 0.411204392632918 0.038150794488581 0.072491951198690
0.003906250000000 -0.397243709504491 -0.178268555954381 -0.004559378139260 0.658574534237926 0.406628992418850 -0.045187227616328
0.003906250000000 0.384605949065873 0.504485875068015 0.231877801688169 0.688294133310214 0.617899954449182 -0.520638936974133
0.003906250000000 -0.427540976142401 -0.120038176050891 -0.192357409345471 -0.120184973018729 -0.637461100194482 0.341404276266919
0.003906250000000 0.663089405170605 -0.259601505452545 0.134329437332723 -0.809892273918018 0.209376697520183 -0.007215368931630
0.003906250000000 0.329378947204208 -0.803255518081499 0.021307879042858 0.356352910755600 0.123029957806677 0.101191179208065
0.003906250000000 0.254085363684220 -0.367060102409914 0.759403500955664 -0.179359868617412 0.747454870109289 -0.103087898695105
0.003906250000000 0.034311944532730 0.471176691073177 -0.665152979030330 0.588940307294179 0.404198257725623 0.281985990997958
0.003906250000000 -0.116257350223551 0.481928493049395 -0.274810521491261 0.287293047489892 -0.189777247467312 -0.444940076000973
0.003906250000000 0.416202914356530 0.047177384301749 -0.041674347642628 -0.761277476156633 -0.171215766817910 -0.708104764991483
0.003906250000000 0.128771030106804 0.260248298199431 0.081680911301065 0.141665062247634 -0.426647908286125 0.948311367930609
0.003906250000000 -0.027008025129041 -0.148935888318209 0.130237908984178 0.088109157677565 -0.183954221996353 0.565701107635718
0.003906250000000 -0.546453554128630 1.062913605400392 1.588674422968060 -0.384705205669650 0.363699256870469 0.207527970489037
0.003906250000000 0.227832696083733 -0.536656645164880 -0.557156650651997 -0.750272721168156 -0.126122976539660 -0.131286715944219
0.003906250000000 -1.438753146774787 0.678727336278709 -0.128432027331929 -0.415791622051400 -0.076307073982398 -0.212712995857893
0.003906250000000 0.312884034792361 -0.127391688583171 0.132994209174934 0.586516033524167 -0.358341085377580 -0.103179994602858
0.003906250000000 0.178277751623934 2.228321735404337 2.216287740603967 0.022337792089640 -0.110636773060759 0.066048389793047
0.003906250000000 -0.508580312284316 0.385434393351009 0.214804955053047 0.743029995234777 0.293749088353142 0.699779734240150
0.003906250000000 -1.745222960964101 -1.666045450606781 -0.855214208785722 0.051018859409959 -0.142315628298557 -0.155019315321743
0.003906250000000 -0.138718039697284 0.093869484849867 1.574334756650554 -0.325832005107251 0.044084549519297 -0.094954303075120
0.003906250000000 -1.355072499395287 -0.208482222680241 -0.229785936668835 -0.427370588475513 0.594395090398337 0.204311350710798
0.003906250000000 -0.102749206037551 -0.141563444514955 -0.342524656201937 0.200701042503920 -0.246090769569856 -0.414496644773522
0.003906250000000 -0.090946813739324 0.298757114548344 1.161522924022377 0.296307151285400 0.199936811860063 -0.141917449925823
0.003906250000000 0.647912420741649 0.290116176241798 0.073798135152564 -0.146352623425470 0.385114670769397 0.015316225753016
0.003906250000000 2.186025013154259 0.419166599508950 0.566286892580885 -0.279494103313073 0.107621167185502 -0.207676489242527
0.003906250000000 -0.007892000884583 0.470251762569061 0.370154853384242 0.471060352030974 0.161570349296080 -0.222817414104446
0.003906250000000 -0.321710760352061 -0.139276497297984 0.667396835634833 0.033841353949061 0.664641811033457 0.309741810609066
0.003906250000000 0.259333382731976 -0.086290907575648 0.076354636125921 0.694609521744309 0.152459864008387 0.117334260756351
0.003906250000000 1.527896420567185 -0.600578574571921 0.134131719368695 0.307267617893601 0.018237211169693 0.400959049116093
0.003906250000000 -0.203505220355546 -0.664886132202002 -0.077151181446235 -0.471208285794147 -0.696053603960971 0.008015305499629
0.003906250000000 0.166960092526291 0.392911539965143 0.074970173079302 0.218526700886601 -0.038952127574825 0.075201804530552
0.003906250000000 -0.071091775020097 0.354601913199044 0.061150281472690 0.615884880483926 -0.285037440685008 0.322716253229155
0.003906250000000 0.216853884109551 -0.272084100425194 0.078084528522295 0.316776735561986 0.035823366413948 0.098783180362144
0.003906250000000 -0.760800603590079 0.109774997144790 -0.145848552871211 0.215883916111096 -0.244035310848973 0.174082839699481
0.003906250000000 0.307166618618075 0.251475287964868 0.462916068839469 -0.200324166458406 0.082372419115197 -0.542977319178171
0.003906250000000 -0.256871994195652 -0.076833761536604 0.115996418959030 -0.456804476291299 -0.934186508912366 -0.195624045608296
0.003906250000000 -0.270483656047111 -0.610261460895229 0.114847386528577 0.262689480070015 0.209541204146677 -0.125362321259857
0.003906250000000 0.328917216150960 2.801760211593896 1.016454824405864 -0.030036886446793 0.305787338767098 -0.513574403721636
0.003906250000000 0.785856011394442 0.405902073232602 0.241102498333364 -0.268277258421598 -0.045035945029543 0.063898542107561
0.003906250000000 1.201896076988513 -0.472871913616865 0.151281750204039 0.392914696806481 -0.497395095489243 -0.389782462024680
0.003906250000000 0.414624659659763 -0.263023884685436 -0.542187105637166 -0.360204923628341 0.013062169733395 -0.649564548400909
0.003906250000000 -0.229217164194946 -0.733560589635482 -0.340576460340565 0.104311507136771 0.322723894738796 0.257887366355858
0.003906250000000 -0.057578773355584 -0.144364201480996 -0.127657475971048 0.049541466255572 -0.141174348802405 0.626280334672446
0.003906250000000 -0.623795581777465 -0.090773307871857 0.129407527384778 -0.422585936180393 0.305720682593753 0.400302334857702
0.003906250000000 -0.770355149935935 -0.019040187893651 0.150087548887407 0.393198130756076 -0.715170789843299 -0.229291587125286
0.003906250000000 -0.172513849839868 -0.450941514222130 -0.420124496095441 0.152836659062142 0.270918200278861 -0.102466554548218
0.003906250000000 -0.164582487117645 0.024305237310611 -0.397190249853139 -0.911050863889060 0.135566447663153 0.217945406823304
0.003906250000000 0.387006138950969 -0.693988594789178 0.025042828204750 -0.521576428418709 0.306805398905676 -0.327469614823382
0.003906250000000 3.576687077668765 1.342191963041246 1.438487296946044 0.042364768298132 0.166506665263724 -0.363472048553177
0.003906250000000 0.625466468358345 0.041594827163077 -0.384233912434591 -0.103080893420110 -0.351478763391130 0.452600845573496
0.003906250000000 -0.240928186204575 0.091721999568990 -0.031919854816184 -0.716388183100702 0.395346707413372 0.161137911280691
0.003906250000000 0.305610581810082 0.060395783616174 0.293343338579188 0.180389981783456 -0.486537896303902 0.534632205349421
0.003906250000000 -0.506586690194032 -0.100392698271161 0.707980616795460 -0.137035470205227 -0.365856315563722 -0.750701468484783
0.003906250000000 0.258922658178714 -0.156403264778534 0.229991589415870 -0.908394400504648 -0.175616073973903 0.055025567627123
0.003906250000000 0.007313005097811 0.235049623136028 0.299487733083342 -0.093660531875005 0.877802501250662 -0.447152561862783
0.003906250000000 -0.138774763583975 0.703148576512001 0.099140693169080 0.228065470044827 -0.641391646104041 0.014330468378202
