0.001953125000000 -1.340175971667823 -0.888640364682015 1.161927821096537 0.576075238248932 -0.112424315525654 -0.123884519226038
0.001953125000000 5.266380500488708 2.194446387863315 3.238847441150650 0.349315132969571 0.121000651395555 0.014758291224760
0.001953125000000 0.069524447213944 -0.033700365188676 -0.235897767602733 -0.246142885302706 -0.473594648535464 0.353695698113525
0.001953125000000 -0.401704261966127 0.027039224712012 0.135259579031480 0.215059691174052 0.181924156129661 0.571507789320412
0.001953125000000 -0.202766292829256 -0.200764637664169 -0.124937396146045 0.708509748673995 -0.949099368289700 -0.250338116798564
0.001953125000000 -0.092554796159633 -0.361563293559045 -0.231701542101956 -0.607486060231235 -0.036138595976646 -0.731183841085225
0.001953125000000 0.384570299414668 -0.138755238740565 0.985725748264105 0.246315501665891 -0.030723051120756 0.435976576058415
0.001953125000000 0.128777070335483 -0.736719448164260 0.216297553786127 0.277536268267702 0.028024435733106 0.246850896023069
0.001953125000000 0.563592123413171 -0.533091484387170 0.481769259819549 0.180296532545187 0.161707287072014 0.043525540619342
0.001953125000000 -0.377440183765252 0.482825355778225 -0.434363220923551 -0.056591912707628 -0.402997314932900 -0.880036262657380
0.001953125000000 -0.484036252012844 -0.693393263984662 -0.050591904700743 0.069729056384431 0.451120736615261 -0.331588464976143
0.001953125000000 2.529706111520844 0.203428894160803 -2.560992915789356 0.115547537178292 -0.205279727239730 -0.139666786142316
0.001953125000000 -0.769552328931665 -0.633726702905143 -0.256639562450165 0.391846321750725 -0.301120592552236 0.671193026649375
0.001953125000000 0.415682768684744 0.103547091173975 0.524226263508218 -0.188127971195261 -0.351938886585361 0.014026429255573
0.001953125000000 -0.038085760962343 -0.023538825825520 0.104147095449578 0.088906602242730 -0.368342362458333 -0.839611397544711
0.001953125000000 0.354317636353028 0.003261409766779 -0.527738610831709 0.036089107509173 -0.081951270852168 -0.213259976784994
0.001953125000000 0.380923475143735 -0.686354539288795 0.076509917168298 -0.426419099026301 -0.199260262083408 -0.564012127643424
0.001953125000000 0.306523990408042 -0.107104377267316 -0.115193124140213 0.062739855843071 0.180555016836819 0.824767051772908
0.001953125000000 -0.803525088782464 -1.356168622004647 -0.967381094240355 -0.116923787420504 -0.374475790410780 0.086251460800273
0.001953125000000 0.264051980776604 -0.266236801887513 0.006549802012811 0.468207173808417 0.362473128048360 1.207858261036757
0.001953125000000 0.260953287622301 -0.161413765820381 0.342835193549192 -0.059253619845217 0.481778694667697 0.679108463502171
0.001953125000000 -4.721836119111822 4.000564562688155 4.705542134256824 0.043321391130375 -0.046995083582163 0.350975735531015
0.001953125000000 0.342296769464218 0.056627463886535 0.447226698099324 -0.440949973694409 -0.210837701816758 -0.128313620772296
0.001953125000000 -0.753698775462853 -1.039108230157886 0.395956754029538 0.047668069845201 0.184898279070372 0.409858972593764
0.001953125000000 0.525883572085996 -0.162288047585241 0.257572219943139 -0.097676463227202 -0.307693927895115 1.135117143904974
0.001953125000000 0.922975886974176 -0.498242681881454 0.066393064265487 0.408608131692852 0.487730364182932 0.296850599306185
0.001953125000000 0.690799626143505 0.423593434597632 0.089490878014833 0.723349423262868 -0.018966410985932 0.429349610720606
0.001953125000000 0.145893702023614 -0.179556970381752 -0.144513212991116 0.125187072710281 0.210629615332844 -1.051113309886945
0.001953125000000 -0.565231858795444 -0.311511289331649 -0.078419317756544 -0.326348924084304 -0.211908871839266 0.553623148539545
0.001953125000000 -0.268292973234404 0.319568388526173 -0.468634304632769 0.158919946931898 -0.626247455896202 0.542615252647853
0.001953125000000 0.596117806752364 -0.146287299808452 -0.125159267610109 -0.002616294685580 0.085832669893226 0.474533584522522
0.001953125000000 0.813245972474824 0.293994050045241 0.849480543732986 -0.276950847749574 0.022337684479233 0.385451275361709
0.001953125000000 0.960663898937928 -0.380356846593067 0.615809763224151 -0.232252292983459 0.348043265602621 0.433832060864262
0.001953125000000 -1.041165867921692 1.524347700582245 0.117357737767461 -0.110619683150677 0.139235719885569 0.046841805722075
0.001953125000000 -0.014282135787502 -0.048357376911725 0.168408572960443 0.352755215699136 -0.238253755547887 -0.197068031168252
0.001953125000000 -0.264454849083543 -0.201781377394343 0.041050934224838 -0.408165027500077 0.460926618672906 -0.149015120512826
0.001953125000000 -0.092707044650406 0.381728479999826 -0.135903152985252 0.372142610014219 -0.317215573014043 0.724829040053264
0.001953125000000 0.134981760443798 0.233115953176256 0.059990456139249 -0.070010896589164 0.589798237063628 0.292853518545028
0.001953125000000 1.202179184985716 0.373201659028843 -0.070932404930179 0.342124895264854 -0.166405818741170 0.080610680594281
0.001953125000000 -0.036687997307885 0.533226096204115 -0.501787295647385 -0.236215324063446 0.007937256746459 -0.099125140970685
0.001953125000000 0.377913643877567 -0.003566075705514 -0.041224653599261 0.798144422520791 0.459989832398774 -0.246368481848447
0.001953125000000 0.047106620972718 -0.074047778879785 0.164885389607219 -0.793483060772518 0.379813600078584 0.274391744694995
0.001953125000000 0.365684819815280 0.255599753297784 -0.080184836777408 0.292605511305411 0.507372852502699 -0.534713263479420
0.001953125000000 0.870687736459979 1.039793068979369 -0.555243464718555 0.213018860578906 0.089502356187756 0.573240176608671
0.001953125000000 0.516443804910425 0.363511747484990 -0.239584047888631 0.372459537496705 0.246632186276735 0.554624287738795
0.001953125000000 -0.307914353027364 -0.323977970421897 0.050220026963626 -0.997404208715745 -0.305855427178564 0.282780802809256
0.001953125000000 -0.671843437763349 -0.663862231237275 -0.454929552458467 0.439438048312157 0.043359934750558 -0.028649426989516
0.001953125000000 -1.492507789881840 0.104212534233578 -2.107635085930148 0.008429852773042 0.191794411983423 0.147903447148833
0.001953125000000 -0.936865409904115 0.500583280804319 0.292531817716228 0.141439465615587 -0.100960585100508 0.635938892362190
0.001953125000000 -8.094344847487116 -3.304259125610457 -2.687665507724029 0.240139865378506 0.013941027222076 -0.188721332237333
0.001953125000000 0.306187736247600 -0.074759831289590 -0.442408121893198 -0.196279824106343 -0.259684058393378 -0.417277231438543
0.001953125000000 4.983028842208311 -0.598985944199654 -3.449652079111200 0.066468090187186 0.081080798283758 0.305070743474278
0.001953125000000 1.380050314384901 2.499502421834844 0.498846039575713 0.488830460233970 -0.198923720997612 0.128043568046103
0.001953125000000 -1.059217887060625 2.881801979925550 1.487831465705046 -0.365970200829738 -0.149184703612825 0.257106422791243
0.001953125000000 -0.414355762293967 -0.546979670886371 0.457338583684269 -0.306821610592661 -0.120627179940124 0.686290975528782
0.001953125000000 1.223161520894474 -0.796785411308823 0.849583335024870 -0.194013060166022 -0.067170962083200 -0.549003733541505
0.001953125000000 0.444420164295655 -0.564658788960512 0.736623795393977 -0.413615551599491 -0.294782399696268 -0.524605173525668
0.001953125000000 -2.101013219182334 1.106899225277183 2.495644918972105 0.007406772592151 0.087144911370437 0.185961703697972
0.001953125000000 0.034181442213914 0.324994191864177 0.614394395446077 -0.133823182560863 -0.274159190981840 -0.100721765626363
0.001953125000000 -0.243986641270586 0.883196694016425 -0.469937701687626 0.005117526468285 0.034443751375565 0.435512958183211
0.001953125000000 1.303370608172760 -2.200053944380333 0.749854870036917 0.190443539967965 -0.397384941887353 0.183108492909685
0.001953125000000 -0.543842004909438 0.200131282174192 -0.078414986524964 0.174228605386133 -0.119851261673039 -0.732309702218045
0.001953125000000 -0.002696397267981 -0.238647077630630 0.045316519618088 -0.217993566186177 -0.697509547884915 0.836237065692054
0.001953125000000 -0.246275999746521 -0.242780649603298 -0.345619795863760 0.484139678347264 -0.557718768679603 0.550621528733027
0.001953125000000 -0.604753088089922 -0.801368028658037 -0.790094160128037 -0.087208055097311 -0.207448981049306 0.673209492409684
0.001953125000000 -1.111256602837041 -1.106391173301859 -0.158590412616935 0.218657075097977 -0.534386247042024 0.189846625549849
0.001953125000000 0.178177849288636 -0.057181366177703 0.288931770419214 -0.228944875455810 0.732304539388066 -0.107480597806784
0.001953125000000 -0.509631627295622 -0.059197877200460 0.275555214053448 -0.598880578358835 0.630066455370403 -0.191170270030420
0.001953125000000 0.223008520996447 0.444267488266357 -0.837655541694174 -0.236292397229186 0.530169226429929 -0.062662961727701
0.001953125000000 -0.314502764963008 0.971302514044224 -0.515119624274908 0.119712431929461 -0.413294440248851 -0.412417477733332
0.001953125000000 0.040773501969320 0.100876484770165 0.038093359029401 -0.082975288017523 0.682246643757655 0.071322406154438
0.001953125000000 -0.403400180054331 0.282782032923429 0.745175905132108 -0.312435498085337 -0.549205854327376 -0.640536370604085
0.001953125000000 -2.482036448902841 0.038958807609204 -0.745807324783066 -0.360268617965352 0.088714007084325 -0.313178166399217
0.001953125000000 0.174519335956934 0.020078543745063 0.033401444547740 0.578597232832362 -0.623849505535024 0.477110865406753
0.001953125000000 1.183822356078519 -0.932439511602345 -1.143933084456785 0.244907851725374 0.681638738196460 -0.211514399724938
0.001953125000000 0.049346537571526 -1.095712186445831 -0.358965496342501 0.071547355315162 -0.214286733078894 0.343743228688280
0.001953125000000 -0.020328416631739 -0.387932307443060 -0.448171550912745 0.410119972813615 0.080671752095936 0.315764651562904
0.001953125000000 0.009566379835396 0.273646133125158 1.026766963090359 -0.205915464467346 -0.217978723091109 0.647011978248756
0.001953125000000 -0.769512938080479 0.135362320837286 1.071061076101467 -0.678433013656268 0.151016301402348 0.051922963490882
0.001953125000000 0.448786590320937 -0.086495712522378 -0.005159746257822 -0.064377550004795 -0.725019832752806 -0.651153464235161
0.001953125000000 1.170547015563096 1.087243388715961 -0.391338944912971 -0.260711909757275 0.304871014307090 -0.024685137481186
0.001953125000000 0.127535080025439 -0.169383680382693 0.235967006458679 -0.111031736126809 -0.258385966415026 -0.769002141711693
0.001953125000000 0.765466423796862 -0.057948172368879 0.206786490135086 -0.279427642117859 0.455118816559002 -0.379983721079248
0.001953125000000 -2.253055368971275 -0.205101966736576 0.341914443693051 0.173831248062852 0.237678937494643 -0.260754325817521
0.001953125000000 0.034867352005027 0.122034107180811 -0.096034712015120 -0.352671951632777 -0.331654897058691 -1.501104307998001
0.001953125000000 1.524543669135198 -0.581254910945576 0.943212503821068 -0.224021349465986 -0.478397728334026 0.353252230258545
0.001953125000000 0.118004443859839 -0.234624024985209 0.259625263266071 0.115841157845089 0.648336507373324 0.954350400727684
0.001953125000000 -0.619773298556797 -1.267395132182606 0.673766419691859 0.082968391133077 0.402033106801178 0.108677777334224
0.001953125000000 1.697545028885440 -2.281964547042463 -2.920599651903500 0.044824287661975 0.157657279657100 -0.208266349786204
0.001953125000000 -0.556507703999398 -0.040005812395631 -0.199023251670527 -1.051162590461814 0.806841942577545 -0.414430852994452
0.001953125000000 0.785871911090512 0.183398252432148 -0.287132868384321 0.407595155769711 -0.273999474700996 0.225149162347488
0.001953125000000 0.965433557217964 -0.514872300348242 0.179527811861842 0.416665188346135 0.070860785845625 -0.213403598225104
0.001953125000000 0.567954187191830 -0.321841437711926 -0.447665876643725 -0.501702176263931 -0.080162614384090 0.189938401511885
0.001953125000000 -0.324905341507205 0.385737778657489 0.047777728155440 0.260725695123426 -0.137174875747608 -0.724309219563443
0.001953125000000 -0.164182542310259 0.319085364447189 -1.082303179056985 -0.176807353537195 -0.050114069697300 0.424383821297968
0.001953125000000 -1.486924005954094 -0.090895479285548 -0.669334739714948 -0.053676446981466 0.047435839297881 -0.164409436502877
0.001953125000000 1.001554001337743 -0.567273831057187 -0.910957740125158 0.594211179594951 -0.422945726440319 -0.197623448734404
0.001953125000000 -0.022848387349892 1.070451306970450 0.266159033887741 -0.540315290893816 0.343731657807867 0.076812358403191
0.001953125000000 0.003870411832742 -0.138657703659918 0.094422150794757 -0.029708492042056 0.384261700921813 0.639518180515490
0.001953125000000 -0.352343073147797 0.167242116755063 0.123038467369679 -0.063809377170657 0.535675835103851 -0.368821159337240
0.001953125000000 0.309614467226220 -1.544835647374983 -0.108171099640783 -0.619198962962666 -0.083400715530179 -0.236170372937769
0.001953125000000 1.395346291867077 0.792699186830873 -1.998300200067257 -0.074288296543983 0.068882073417095 0.622726619873289
0.001953125000000 0.007834051763557 -0.193835249133691 -0.590202092642130 0.671928791395194 -0.460016647051723 -0.467742321739444
0.001953125000000 0.039183232756378 -0.360366459676710 0.072066715008801 -0.417850047668368 0.509856597012235 -0.800641165161841
0.001953125000000 -0.054613560874150 -0.114893494752449 -0.739512492831158 -0.029613159176985 0.118044609063755 0.135380849416882
0.001953125000000 -0.643175953209623 -0.214713312634142 0.262894177575696 -0.286124462573694 -0.071642608018668 0.077695639132086
0.001953125000000 -0.308954783466994 0.321522052520835 -0.261750867303523 -0.580120354540668 -0.058829629900267 -0.554149303648682
0.001953125000000 -0.229251816788765 0.051939106584963 -0.491063077789622 -0.327011412032611 0.106144362066937 -0.717480153793699
0.001953125000000 0.230950246527706 -0.199170407205599 0.211552272214513 0.345466736370716 -0.334956973890149 -0.209632938645029
0.001953125000000 -0.023387102287939 0.693922627470824 -0.538292277290455 -0.425034217096819 0.200043386081535 -0.420103240317201
0.001953125000000 0.426405404203352 -0.151382216289683 -1.424745028477563 0.199687871939824 0.337277057499443 -0.245164450647364
0.001953125000000 0.219718046017065 0.106785305739628 0.759768199800965 -0.605128945920385 0.298499039847243 -0.329740285784894
0.001953125000000 -0.128087100326397 -0.328141933643252 0.004648763839383 -0.218363992204064 0.548230255292368 -0.380696689170560
0.001953125000000 1.465805864531895 0.075998095649211 1.311859696437143 0.311555986674544 0.074297990505616 0.727832011921079
0.001953125000000 -0.009490123033503 -0.254030572206456 -0.312120798630854 1.102428687246259 -0.093381153827052 0.129347754493074
0.001953125000000 -0.152781093503563 0.069556872036791 -0.262739396912689 -0.174235292476328 0.239651181134036 0.464984404450483
0.001953125000000 2.384507431062680 -0.863567848931183 0.955915650225902 0.366877787693442 0.155000181854588 0.010507870673940
0.001953125000000 0.330187837485646 -1.649971918500090 -0.110640300090927 0.317802338001466 0.052912335393174 -0.141595782123516
0.001953125000000 0.371063037359506 -0.259585222982480 0.100111463561594 -0.289723166732889 -0.317571944828505 -0.360281386106970
0.001953125000000 0.612502164514756 -3.680837279370790 0.894012556738832 0.215819877365587 0.009620355215140 -0.065874438319646
0.001953125000000 -0.297991763151831 -0.151836913539385 0.653597022550070 -0.084881335447261 -0.062431160627237 -0.339241621181023
0.001953125000000 3.518121928550258 1.210043262631481 0.752837176683631 -0.116825478348208 0.095011815650060 0.158492098681985
0.001953125000000 -1.147690652345220 -2.020465600203329 -0.236709883648585 -0.270835890542882 -0.164562670407186 -0.250875213930417
0.001953125000000 0.610987721756073 0.411598598892389 0.420251676552468 0.269888210647527 -0.158173418208487 0.485918007140108
0.001953125000000 -0.430812150221763 2.014887556464185 0.136680326548106 -0.032567775603233 -0.456721880082361 0.412845812070240
0.001953125000000 0.253193516564101 -0.089287364544991 -0.316112211722790 -0.572659389101562 -0.072719711199102 -0.165701345001950
0.001953125000000 -0.023579433182944 -0.052098072227047 0.851960484945162 0.009921830623426 -0.276508581990386 0.025709167408192
0.001953125000000 -0.355322814835533 1.047644154482472 -0.617989388984747 -0.027554780704426 -0.413034294111382 0.270566419703354
0.001953125000000 1.262432455646594 0.839786631918999 -0.715747573206100 0.310255621880614 -0.319368085357448 0.194232011841144
0.001953125000000 -1.368923084489137 0.038875597014964 -0.168177005400810 0.082590438316159 0.559528154464079 -0.460425163702804
0.001953125000000 -0.692096681456840 -0.455983689508263 0.596707711353150 0.275403769891264 0.516457077437944 -0.344029046158535
0.001953125000000 0.137024754340536 -0.425707584304467 -0.213467367485228 1.220252612195829 -0.318677537316952 0.115360625335961
0.001953125000000 -0.714122711823865 -0.244298788097961 0.842043925720648 0.091573340221679 -0.112014665616884 -0.952596060606351
0.001953125000000 -0.595182132232699 -0.418817042994400 0.179378948131419 -0.293048828066930 0.528846189588531 -0.163722980010659
0.001953125000000 -0.223354983875908 -0.045240289466586 0.327887825643750 0.019084169021300 -1.208386965122417 0.061378816726666
0.001953125000000 1.369760352217478 0.636524593395457 -1.587811251677645 0.093872543329354 -0.289377574523221 0.252419289903605
0.001953125000000 -0.183718834178072 0.371188720981585 0.244472261814135 1.165117448973829 -0.331901306168723 0.224269307837063
0.001953125000000 -0.154684132253155 0.424716407325762 0.361642970550787 0.084653737062738 0.176223635316567 0.533183512915364
0.001953125000000 0.212731630240310 0.158166267021021 0.198781228508838 -0.070779837510889 -0.031418442171093 -0.566582596837319
0.001953125000000 0.214499872235184 0.040857299032685 -0.140568028790224 1.034022004570098 0.592019459693392 -0.122353970408678
0.001953125000000 0.413599197166982 5.617542017757775 0.537736729143649 -0.076726745727650 0.274689068616489 0.032366141605556
0.001953125000000 0.016013565106326 -0.479370872632709 -0.043345254746524 0.333593936205967 -0.018465186919392 0.641022559813687
0.001953125000000 0.655433970769405 0.160268229653683 -0.125685402051946 0.519180529602411 0.050258358869498 0.218766671400705
0.001953125000000 -1.054104480215183 -0.429035752902697 0.207424973330467 -0.114615117373175 -0.251403513850130 0.444353751873101
0.001953125000000 0.829037199837233 1.302159083120277 -1.274077772167100 -0.231737598204114 0.210534288011504 0.359232956826636
0.001953125000000 -0.475283740388897 3.003531982401620 1.556776174414919 -0.069943045284840 -0.207734943771511 0.230804277265679
0.001953125000000 -0.588942323239865 0.459368784190568 0.325142663140752 0.067121998557042 -0.626177794126924 -0.183893987948933
0.001953125000000 0.631136032420496 -0.264828687459663 0.144813580196463 0.170077612249122 -0.707302930329812 -0.585634120314285
0.001953125000000 0.627519011454782 -0.250146615438353 1.607050750048868 -0.303970760070315 0.199222170615959 0.046127210662842
0.001953125000000 0.200893201672767 0.203390946717164 -0.055117047194214 0.631850334433766 0.183254342903538 0.321910309673359
0.001953125000000 -0.260304382720809 0.562072851211373 1.751043391320828 0.070013496787174 -0.330264238317466 -0.195454552956221
0.001953125000000 0.931487793092817 0.236110195957708 0.662180990842883 0.725867128618401 0.129562465020013 0.083165760183428
0.001953125000000 0.133243886226632 0.118613172011043 0.089222208636013 -0.530683295630569 0.482677706767249 -0.257693665501631
0.001953125000000 0.121394167721198 0.507734022256772 -0.216359797999748 -0.196124441809916 0.206490203965885 0.239197544108391
0.001953125000000 -1.670988235744721 0.499288640173102 2.546322467332184 0.078436148146167 0.458021950579071 0.056147360120725
0.001953125000000 0.110684833905768 0.178708950925549 0.393993732794312 0.651181555165080 -0.589646208873121 -0.254905344067422
0.001953125000000 0.441142635112723 -0.522404988628857 4.779790839615244 0.085526108741856 0.198130245926754 -0.079316853459612
0.001953125000000 -0.302357084239172 -0.055909693816559 0.326659097770771 0.065847665673696 0.565431235327199 -0.328585440072446
0.001953125000000 0.017510723207933 0.632181525766310 -0.366041016057974 0.052012778965796 -0.222572462183573 -0.825992431543127
0.001953125000000 0.334869226590612 0.834985111344976 0.321562466967873 -0.371021242452314 0.131544699591877 -0.832453123335187
0.001953125000000 0.160404004013065 0.030241102609297 0.305885612745631 0.340330932885581 0.021971601439228 -0.433086978963911
0.001953125000000 0.498313943260970 -0.205670527653409 -0.319936183972431 -0.176333164486300 0.406681633617810 -0.317745676040823
0.001953125000000 0.759247731982462 0.428490410452106 -0.333234469710673 -0.689241408624105 0.439838329774412 0.047483564282207
0.001953125000000 0.457031865765086 -0.453331930770911 -0.272567812350796 0.225192097665984 -0.522657435822729 0.556588218266036
0.001953125000000 -1.205933359766196 0.319173334633589 -0.000583757452873 -0.034489625088895 0.098464119775715 0.164566319517569
0.001953125000000 0.387914146119981 -0.253804047732040 -0.171369082445596 0.101291339237569 -0.460902079351301 0.155863740933240
0.001953125000000 -1.446455621112778 -0.508319461839623 -0.828071460259114 0.142841393457784 0.239102794801121 -0.085262701452468
0.001953125000000 0.029803844496357 -0.646000801351936 0.291730657249022 -0.486877647824186 0.664064816838432 0.401570980939896
0.001953125000000 -0.090487339245955 1.311133466648061 0.342913498406168 -0.798422756575678 -0.119026123732126 0.081983684641351
0.001953125000000 0.290546247857705 -0.338175505588620 0.943482085263002 -0.080949795354897 -0.827516014635488 -0.255485183562764
0.001953125000000 0.299887861070352 -0.297320769333984 -0.890871796404866 0.239300279472286 -0.186796732875482 0.114700333534724
0.001953125000000 0.213578909485136 -0.057083659781949 0.001297111419805 0.224645041333285 0.260728877145727 -0.658007874397454
0.001953125000000 -0.440180243036463 0.141025834329688 0.458186131835372 -0.093231525584311 0.755256163321958 -0.444084709627962
0.001953125000000 0.105897383597799 -0.314555932372814 0.743237729490288 0.257191495711843 -0.262671866384922 0.648332000288678
0.001953125000000 -0.349693293722214 -0.261128812940153 -0.380640830580684 -0.052865795006367 0.102865691684021 -0.299982266362260
0.001953125000000 0.068383756848829 0.380468751159430 0.361147344258894 0.328713953388249 -0.269875700446446 -0.570964545548070
0.001953125000000 -0.031406043739664 -0.261048747451321 -0.059327609043151 0.619697958068007 -0.585012892459287 -0.482273707907629
0.001953125000000 0.999548900627753 0.043813552241907 0.694294733276646 -0.398985052305792 0.157794141275606 0.120889852081824
0.001953125000000 -0.170991918667947 0.240644720860801 0.071673872403134 0.821674911379852 -0.486874394254285 0.823943152861587
0.001953125000000 0.766524908633081 -0.322333515299096 0.163610336265426 0.160068910647128 0.875078174696957 -0.609031078666153
0.001953125000000 0.137161387457391 -0.435799030510942 0.207714488570233 -0.485333554164142 -0.353397378077005 0.393858139689461
0.001953125000000 -0.811959979879642 -0.634856824425793 -0.519064516380046 -0.125312249712131 0.703496467253680 -0.195073654632803
0.001953125000000 -0.095920538796740 1.136728462961667 0.341180168049050 0.103121314334012 0.163809940185233 -0.610724365707857
0.001953125000000 -0.031456907277151 0.042727345711714 -0.414912470745955 -0.155808132708078 0.289994184435390 -0.311253464728737
0.001953125000000 0.134650023453152 -0.296728273248472 0.176357858912674 -0.516851551211125 -0.037139522319435 0.036774617081273
0.001953125000000 -0.185105931341782 -0.241049630837763 0.228713557167607 -0.052322041268622 0.038272849999430 -0.595989023684137
0.001953125000000 -1.272467652847335 0.066015393929565 -0.472499094331740 0.014393200407014 0.108107800676785 0.189188246780998
0.001953125000000 1.075042728930510 -0.027793225443651 0.701802358806857 0.408445778257211 0.317800371818223 -0.162771773561045
0.001953125000000 0.029691428050071 0.455209242986713 -0.426059470620711 -0.230485791355577 -0.441723020817949 0.106326119019304
0.001953125000000 0.317446848709534 -0.267739721644168 -0.300905740336977 1.032334411527371 -0.228179915401187 -0.409739110544303
0.001953125000000 0.161896701448472 0.777825873272275 0.646302899661076 -0.529530901000778 0.284760203506491 -0.507481951819859
0.001953125000000 1.061378958742686 -1.353523096359809 0.237136528033401 0.692962630866663 -0.529667173616303 0.163838083688186
0.001953125000000 -0.103076377492952 0.037893547481667 0.754556230300450 0.791895260449567 -0.490463284969578 0.431026265930822
0.001953125000000 0.883266765697608 -0.361345677415531 -0.217050888127109 -0.315455901748994 0.274940604156104 -0.485964310129700
0.001953125000000 0.100261960289538 0.857500588386938 -0.085147323543558 -0.048009197249620 0.357569877139775 0.026757699290447
0.001953125000000 -1.623383211378764 -0.102602818867435 -0.932288549874238 0.572187088075421 -0.110882346732905 -0.659215154219125
0.001953125000000 -0.300516009423098 -0.017524641754296 0.111329017833206 0.566687378310013 -0.157691211054293 -0.143851269549268
0.001953125000000 1.197208039260563 1.101643999128677 -1.361442698653792 0.296478703634525 0.062465202369379 0.093001027469992
0.001953125000000 0.390508467630878 -0.462478113854168 1.171819522618577 -0.258709674969893 -0.244665315499239 -0.595244248290454
0.001953125000000 0.772525179727111 0.333770398172508 0.847057720877917 -0.016571135100910 0.361849014950233 0.302783315566259
0.001953125000000 -0.497139820108655 -0.129567079079250 0.262338774504686 0.322551444706194 -0.500267016817775 0.569394616908591
0.001953125000000 -3.855622922536449 0.770586437684909 -2.794594776228432 0.066746638581751 0.088484520498785 0.004606544537660
0.001953125000000 -0.079865963377893 -0.025324574924414 -0.797668632331538 -0.304945504565608 -0.213752539902759 -0.027872883598499
0.001953125000000 -0.199860528224570 0.182843179553664 -0.462562354453408 0.595493288426797 0.460637671201307 0.101663378417588
0.001953125000000 0.933608347343532 -0.345316053018747 -0.146895870509181 -0.396426151870647 0.791377775934269 0.474091148267629
0.001953125000000 -3.693880870760754 2.049924802225748 6.009086299741525 -0.012209216691172 -0.136973344053011 -0.029237097941631
0.001953125000000 -0.861505379376771 0.720496775825517 0.128163305896069 -0.045162073106269 0.037353727974665 0.179019663738530
0.001953125000000 -0.486422280492948 -0.634207777154045 -0.508028168452103 -0.044265261499545 -0.151665612269293 0.147337200405312
0.001953125000000 1.279975871702028 -1.114707795363213 -1.056708982016161 0.294578264349065 0.068833406893684 -0.129834762678739
0.001953125000000 0.183414664534155 -0.171005714028835 -0.231117103116533 0.300792804395747 0.505510809935575 -0.446397119882190
0.001953125000000 -0.287153778350473 0.702438733664996 0.094991314802573 -0.706241541773838 0.273043805721420 0.746897628168594
0.001953125000000 -0.255430297028800 -0.209420263883610 -0.430375699563622 -0.079495104360134 0.262786022764343 -0.173215642162911
0.001953125000000 0.624248417471891 0.229211055702732 -0.260376111826617 -0.315996538724201 0.260282786534686 -0.136255865685828
0.001953125000000 -0.576357459479529 -0.698575813761223 -1.073560198210127 -0.135652899823046 -0.069049667998434 0.176319614724374
0.001953125000000 -0.261261542846368 -0.103947868617884 0.241248285073128 0.305458620003264 -0.570756452724226 -0.425913011268288
0.001953125000000 -2.892117524795374 0.361197852641805 -0.513266372280117 -0.047370746255827 0.441567445671341 -0.458962217526639
0.001953125000000 0.260245063624346 -0.086247961358052 -0.222194833479999 -0.040940937918861 0.453172136787368 -1.262148294332877
0.001953125000000 1.895931133139140 -1.113494098883459 -1.151020243771065 0.075137582558946 -0.312862383010053 0.157604560887595
0.001953125000000 -0.151507247554576 0.692296543967588 0.503480060689708 0.439787747367329 -0.256814243292417 0.106322751218853
0.001953125000000 0.568662588282158 -0.044618960233956 -0.017979888889404 0.335809858463983 0.681733068933934 -0.024547491312284
0.001953125000000 0.007494850055754 -0.140027708052830 -0.385837095250344 0.008287747164300 -0.170586650154793 -0.398011556389322
0.001953125000000 0.077478005566150 0.186319572642885 0.093123156074503 0.408174931106508 0.014523098036789 0.417866247529441
0.001953125000000 -0.714276810648039 0.846613827159761 -0.841404912743997 -0.246713158644303 0.017867276993690 0.781249969728430
0.001953125000000 0.066749976581914 0.055813749684423 0.269100780846443 -0.151709593425513 0.352188338254175 -0.576642754213127
0.001953125000000 0.313976422709755 1.983034715410278 -0.397178417269772 -0.071610687434818 -0.303748828502547 0.437402811687211
0.001953125000000 0.258830069437714 -3.159130798333562 -1.009579572256282 -0.349764479693287 -0.280932190183884 0.257000729658543
0.001953125000000 0.585082532546220 -1.027446361210474 0.303213521025324 0.557115340589393 -0.838379743227211 0.010468036554364
0.001953125000000 -0.367699301881420 -0.179105604592827 0.183632973442483 0.441152306664902 0.326496792321552 -0.140384086833956
0.001953125000000 1.143255088534761 -0.311814592678785 0.010393863115409 -0.028184689954250 0.290802253037480 0.205159196096991
0.001953125000000 0.030781294501969 0.127120824844776 0.402825736012061 0.045688099491081 0.246302849612343 -0.044370607847453
0.001953125000000 0.043357662099640 -0.438363055458041 0.392673256317541 -0.143338028810539 -0.697998740372666 -0.202275212807261
0.001953125000000 -0.135691703104342 0.022809650370835 0.652787734819192 0.168898532559739 0.420891140208954 0.504797560595893
0.001953125000000 -0.208544752591311 -0.202160766318478 -0.164566971446149 -0.010489917330636 0.483317057312726 0.188123779332990
0.001953125000000 0.154693277178738 -0.025607175689469 2.279232527327532 0.347894156543827 0.471332793162330 0.231521964637392
0.001953125000000 -0.294460076401071 -0.309006014910435 0.269955697931310 -0.083381850392475 -0.027503280569877 0.767888880110770
0.001953125000000 1.433940789943508 -1.998321242871917 -2.791971039168814 0.218911189855915 0.079828495957646 0.254300145966643
0.001953125000000 0.051098912789846 0.464271301971592 0.772121994169577 -0.470813088001232 0.357610505961084 0.416382552487913
0.001953125000000 0.127186000797978 -0.535349581742605 0.665425645835430 -0.765897644694009 -0.410739528001246 -0.315548299909889
0.001953125000000 -1.014162889301228 1.521141037231972 -0.740013646355132 -0.086964374292569 -0.089436098031756 -0.321104248755597
0.001953125000000 0.080017427351096 0.056292965401657 -0.081576763937005 0.538065896970359 0.813784268325922 0.499477787489293
0.001953125000000 -0.067995470251308 -0.048990525016648 -0.601303028504917 -0.743137690509177 -0.124504664736882 -0.545191040981903
0.001953125000000 0.283544984691603 0.387068060185828 -0.032245916034910 0.343131727101507 -0.594003877575515 0.572028259481278
0.001953125000000 0.798519232309798 0.307537026619947 0.055582281342667 0.322662598784189 0.243667045372119 0.563622939552268
0.001953125000000 0.786178309287305 -1.784565283659519 0.340522002084661 -0.012904472395685 -0.333410115199959 0.118042155964425
0.001953125000000 -0.128695385110654 0.437292762105567 0.167111004389507 0.206230097255278 0.186526580963609 -0.009031920526407
0.001953125000000 0.057610723027941 -0.243139004922419 0.694264975881081 -0.152932268971004 -0.148049751077524 -0.290370698562770
0.001953125000000 -0.205099413173039 0.231175967179143 0.337837359408010 -0.315438178948762 -0.203281371628138 -0.377065634679891
0.001953125000000 0.098779777987248 -0.410430599146432 -0.147394400039548 0.184957974368007 -0.250300529538081 -0.326232391694836
0.001953125000000 -1.590859283060513 0.258453837160454 -0.397286505971407 0.480741138156267 0.386653375899603 -0.043009726593013
0.001953125000000 -0.224359429378216 0.062564537285941 -0.096670549969826 -0.267070731584030 0.195628432655486 -0.229608801325460
0.001953125000000 -0.632615664941620 -0.107222018533749 -0.147793462745914 -0.371017652614158 0.088488820421921 -0.834541165035208
0.001953125000000 -0.711127885149533 0.466697562016815 0.414787940330713 -0.083659367563730 -0.223694458196350 -0.090715609720155
0.001953125000000 -0.875170371435535 0.031097898715296 -1.116647667448418 0.106965441629051 -0.566784016324401 0.114476866827704
0.001953125000000 3.605534432153114 -3.711440964219872 -0.783709099822239 -0.393556031561470 0.007122807177054 -0.198851096807488
0.001953125000000 -0.152309673568770 -0.316007393615856 0.250070224193391 -0.262764543386640 0.588331942697630 -0.579792743097813
0.001953125000000 0.006308446352780 -0.349906311781037 -0.005830954416021 -0.094724157776447 -0.176592960236091 0.536644751334703
0.001953125000000 0.427495928616231 -0.237192173628867 -0.059348245636014 0.247196034958672 -0.379747956359835 -0.328923876823803
0.001953125000000 -0.398173058372585 -0.517324018045648 -0.311280726424747 0.490820272460458 0.030371025202594 -0.238047063534349
0.001953125000000 0.664010201811123 -3.248897828065519 -0.537574457705121 -0.228964344024393 -0.115026182097963 -0.174631804925297
0.001953125000000 -0.225949433065570 -0.444303261210095 -0.437684587557747 -1.095997332029453 0.258519058708684 0.000449619311805
0.001953125000000 -0.332409672176236 -0.286079638164926 -0.568649636440301 0.578204292722515 0.370627788248380 -0.022059586071768
0.001953125000000 0.503448245891157 0.147118562294774 -0.181227805679443 -0.097025225836121 0.210609358287378 -0.851850354096934
0.001953125000000 0.294103204216252 0.085509185963155 -0.465431679846360 0.662461593948095 0.567548356197480 -0.199912563384492
0.001953125000000 0.349089448759768 -0.415377363459929 -0.040222850682516 -0.363487350936622 -0.166681245881330 0.099605788920881
0.001953125000000 -0.355949338641283 0.555181344326469 0.135280657923092 0.311887122922677 -0.466806996760876 -0.151722928411148
0.001953125000000 0.231620354140901 0.503001690269908 -0.186239686391087 0.726817305180264 -0.076910508015511 -0.532411103028490
0.001953125000000 0.302084262550311 0.044530564440020 0.646033568580622 -0.278277722204185 -0.424881807153579 0.087691178955213
0.001953125000000 -0.217497578270468 0.095932915576798 -0.425983914865611 -1.166574406679662 -0.471839373792534 0.191705808501801
0.001953125000000 -1.335979407123552 0.047985771789944 -0.547463972551457 -0.359094278498504 -0.135152697279175 0.085808248321523
0.001953125000000 -0.169855199402361 0.269378082646180 -0.435614974944918 0.803175589569910 -0.499513107556958 0.223393663259409
0.001953125000000 0.098849364840133 -0.776853351911570 0.554496792801208 0.236233737804356 0.556469733994747 -0.200345986445116
0.001953125000000 -0.923920776458543 0.547168259304010 0.498571183554971 0.548267687260951 0.208727989679664 0.257031911772715
0.001953125000000 0.459380679133517 -0.198435864924444 -0.038115556063690 0.093850477716776 0.154717037190751 1.270386333150040
0.001953125000000 -0.292496479707307 -0.281953925123330 -0.473261258152182 -0.533277566102125 -0.481877341400000 0.101105081154174
0.001953125000000 -0.023362287863348 0.038880509231347 -0.387541773130963 0.218594346784461 0.530436670125037 -0.008757956544293
0.001953125000000 -0.334039855880508 0.230545440421874 -1.198667288565396 0.005785325718096 -1.016548794494450 0.197896410314583
0.001953125000000 1.694204833971047 1.073160078038222 -1.023023231855010 -0.366560629971258 0.149711531060932 0.193642374510583
0.001953125000000 -1.014214579375487 -1.774366053871427 1.705857058287849 -0.013345725778237 -0.106082686403706 -0.013720924091623
0.001953125000000 0.164720234070097 0.155661047970193 0.312621158762200 -0.567835998298150 -0.004145394704785 -0.516131471662673
0.001953125000000 0.652703195919208 -0.876211745814154 -0.082443699539484 0.708522395893662 -0.026840542628860 0.183218627814527
0.001953125000000 0.616635211312608 0.117502669765458 -2.996130277016187 -0.281755017026333 -0.232534358563942 -0.120792272125745
0.001953125000000 0.563251934245201 0.878018956784088 0.658833212698209 0.226415517144990 0.598634180208224 -0.452337172648884
0.001953125000000 0.335694904738055 -0.158457647701910 0.321707720278899 -0.330845881014141 -0.223694485170279 0.160571394672644
0.001953125000000 0.094660452128638 -0.640221756172678 -0.076132294642479 0.484327514714576 0.277839348955664 0.023351355666126
0.001953125000000 0.089429374731954 -0.223580779978889 0.696002745488843 -0.114945808370058 -0.687634109602790 -0.073352133687370
0.001953125000000 0.819843529415794 0.173789754168579 -2.971177819654008 0.053469107344404 -0.588896419061186 -0.119597026437781
0.001953125000000 -0.038394820146263 0.217287146216332 0.078669114802092 -1.218571562135885 -0.575036469862537 0.213907547762032
0.001953125000000 0.534377127970934 1.197005311521812 -0.505610888855449 0.747446508145199 -0.341176520630768 0.334282448285929
0.001953125000000 0.265284895501897 1.134678229369821 -2.965373154399372 0.005958553453051 0.328847416682825 -0.342720201623282
0.001953125000000 1.588044657173890 -0.505708558957391 -0.154422132189448 0.368078993755338 -0.778398441196046 -0.256250927404001
0.001953125000000 0.029100286437343 -0.088147106823296 0.109748760956777 0.519537865374365 -0.569740436655523 -0.022697388742675
0.001953125000000 0.371237355795262 0.257387935532453 -0.641634950798396 0.355990838903542 -0.145641256005579 -0.046800511402297
0.001953125000000 0.090314050622562 -0.042286535504688 0.023540472042164 -0.425887139433982 0.042597663788232 -0.313499830667077
0.001953125000000 -0.289065354652315 0.032118945640660 0.130264652909055 0.953514852926249 0.124058848602604 0.020350794700681
0.001953125000000 -0.663740700726546 -0.788280327857206 -0.963679076029740 -0.195091290300311 -0.096401584061075 0.141492675651325
0.001953125000000 -1.014050094797379 0.752412243519752 1.156814612957569 -0.338338375633234 0.010820111084612 0.410818061601918
0.001953125000000 -0.458709883981090 -0.349219680894119 0.170743768135094 -0.173360915249628 0.249222395589807 0.630088661678922
0.001953125000000 0.104820808355927 -0.200384052413032 0.503558383951393 -0.421236711705343 0.076625011867637 -0.390469797622328
0.001953125000000 0.530977385283461 0.019180454062918 -0.960617986879044 -0.418494160186560 0.746412782072014 -0.027012082453009
0.001953125000000 -0.187102128857151 -0.577899319975118 1.549755437078691 -0.190157495382064 -0.660850324258837 -0.315569009001145
0.001953125000000 -0.552508435909688 -0.484188789358765 0.290540278949101 0.099937092472419 0.441835787307060 -0.594131379667140
0.001953125000000 -1.159451115735340 0.497059626984525 1.123611959037771 -0.689434578296907 0.195864872006112 0.225453208874787
0.001953125000000 -0.254857123368456 0.256655565621478 0.656099515239128 0.082895264232871 0.023698197814722 0.275433643554318
0.001953125000000 0.256920346150058 -0.376264738323109 -0.184243002992790 -0.204683726732372 -0.511905559632246 -0.583917950806772
0.001953125000000 -2.060554881552455 5.346040932657663 -0.586090248852429 -0.014610571400215 -0.076940913388250 0.043198285811802
0.001953125000000 -0.283190449409140 -0.463164893021683 -0.358204333995564 -0.002117821678573 0.846598674000892 0.003946543955301
0.001953125000000 0.942416211717759 -0.300455501904093 0.104062291135911 -0.267958632197019 0.604676509635605 0.570519450983706
0.001953125000000 0.762801164375461 0.275793196212889 -0.041476602170756 -0.303534244935083 -0.593852907038055 -0.405074273796560
0.001953125000000 -0.412411208634847 1.531869170766566 -0.292904274916853 0.031604212408378 -0.504696765233781 -0.180317826144011
0.001953125000000 -0.556825124500306 -0.003666274616152 -0.716170621079665 -0.321673874029392 -0.265913471482141 0.400855189597878
0.001953125000000 -0.053259888096121 -0.336725904743078 0.021871630073180 0.235910993723858 -0.135656601916040 -0.488804511275832
0.001953125000000 -0.121150019828979 0.312382491779612 1.129028086117092 0.081369831865551 -0.231029131602923 -0.799536955831266
0.001953125000000 -0.102065569534263 0.627729999023909 -0.358687776400374 0.076937160385199 -0.390880627506619 0.424817599987883
0.001953125000000 1.143467262991041 0.915560683882181 0.623574831389191 -0.745968516072999 0.481031187143070 0.219534914860696
0.001953125000000 -0.380706986422038 -0.014315361169767 -0.277660453574850 -0.080193621685295 -0.027445431447059 0.497364322224184
0.001953125000000 0.104102692629743 -0.404252988362898 0.020616984910058 0.243842296429615 0.594311800148371 -1.103648261667555
0.001953125000000 0.201591626452984 -0.179620502364263 0.096121529996582 0.671626246859601 0.275988069799485 0.197870374612769
0.001953125000000 0.487228399592262 0.349925030350193 0.522667562904441 -0.199648494475193 0.231166279777467 0.208727275978237
0.001953125000000 0.338251911451972 -0.734577277982491 -0.198480938750520 0.564352124380833 0.110685854991574 0.151047531835563
0.001953125000000 0.083983005489474 -0.004703226995585 0.157867680365964 0.583014691198697 0.910781639162331 -0.000514598541654
0.001953125000000 0.409862210278226 0.081784860865360 -0.527259703396541 -0.234991028508243 -0.079488986670025 -0.452594592288689
0.001953125000000 0.539219451826373 0.261346103433483 -0.180884382703057 -0.015212885416409 -0.046779562932741 0.437115719296267
0.001953125000000 -0.306124525560595 0.121639458566829 -0.755841329926362 -0.078572531996347 0.176885216868585 0.448690735796952
0.001953125000000 -0.922880406172568 -1.837981633639287 -0.690789040368857 0.096088334936326 0.105460498673256 0.599541337330821
0.001953125000000 -0.360343398417914 1.462161128952699 0.275788400606350 -0.069061807791186 -0.084851750263043 -0.497717765764743
0.001953125000000 0.671717107607309 0.144020354143471 0.919341915093964 -0.415548057032431 -0.215910984870015 -0.129992964997937
0.001953125000000 0.631649761294444 -0.155694748181932 -0.012409106903699 -0.456793220566944 0.572582605729859 -0.345021542658168
0.001953125000000 -0.794034342456698 -0.218861230724095 0.489780476948011 0.225104966308269 -0.159042708474380 0.218364276923914
0.001953125000000 0.595051325268322 0.597803770911250 -0.101653226038812 0.217718563926517 0.050665635089880 0.574224930870045
0.001953125000000 -0.065095629888239 0.697978934743761 0.352497592319594 0.516805266994213 -0.197034840636719 -0.441874729769578
0.001953125000000 0.083080271845262 0.347628940744332 0.470315072392302 -0.459313140127358 -0.158065064983583 0.135402520463746
0.001953125000000 -0.419175337211834 6.973022920830828 -1.013825934135135 -0.026934288836601 0.062985716088636 0.230650317835254
0.001953125000000 -0.432188700895604 0.138492395097098 0.130283310947205 0.211371935353541 -0.529780608409195 -0.377376062220686
0.001953125000000 -1.833180223852195 -1.828164462926239 1.061725196842668 -0.033620213307665 -0.196041286331680 0.289530326895624
0.001953125000000 0.775010376611252 -0.473476196008553 -0.584468186423687 0.235618283692783 0.263803326769443 0.632436260451518
0.001953125000000 0.098022937850061 -0.212697488506943 0.360902066924004 -0.183351789501505 0.237824761695196 -0.398432805435907
0.001953125000000 0.766694494273879 0.225806992295740 -0.551215984716109 0.016222721807450 -0.071689362936141 -0.314581860279874
0.001953125000000 0.257154030363026 0.301217956022674 0.157179596599970 -0.249265077900837 -0.729979302018503 -0.279654942403505
0.001953125000000 0.402176576003127 0.903449507525710 -0.263716263921308 0.014517985251163 -0.033906379547819 0.713971075925291
0.001953125000000 0.419007269880486 0.675483270763101 -0.670649391763870 0.273215483956645 0.211753873125281 0.006666243817335
0.001953125000000 1.074927063304850 -2.871601133574239 -4.135520522002023 0.015410155734138 0.036641556903310 -0.286090090191109
0.001953125000000 -1.358139690682554 -1.730050162636939 -1.147553768714823 -0.148380914738163 -0.080894743853467 -0.241835906106307
0.001953125000000 0.480377674205235 -0.473380077172469 -0.361978667199330 -0.157990810462118 0.253100256508465 -0.085697621513183
0.001953125000000 0.099614402095645 -0.113742658005928 -0.199148939471643 -0.785359606708796 0.330282509669525 0.341784890140178
0.001953125000000 0.146038502311142 0.316819602528907 -0.257779364166642 -1.199824194707130 0.000928786949803 -0.137698392250354
0.001953125000000 1.813757489890334 -1.622252647024855 -0.551278819182657 0.034669673036249 -0.108446791113821 -0.388257299572914
0.001953125000000 -0.368464044136839 -0.353344450911709 -0.261762669808495 -0.345776805991343 -0.029321033682739 -1.004622278505843
0.001953125000000 -0.030673997938663 0.129687022241851 0.421354301453440 -0.435709277280119 0.252558549603378 -0.186895924007872
0.001953125000000 0.824380713851725 0.987992123657808 -0.458242898457448 -0.353498458357873 0.368786348137958 0.522079104896470
0.001953125000000 0.705111006491983 0.359764382976534 0.187759638162697 0.650893686181001 0.063986155296271 0.350693823454296
0.001953125000000 0.698037609720044 0.861706916981954 -0.588754131709657 -0.281312883114409 -0.417373685497582 0.504494721015775
0.001953125000000 0.399249085536858 -0.082817666459664 -0.014205186606544 0.919013663552098 -0.062114680265686 0.245822795340587
0.001953125000000 -0.223717960563931 -0.143517820107784 -0.221024048615215 -0.025108206433916 -0.283540303794699 -0.619284366804038
0.001953125000000 0.165873757681867 -0.396146965400681 0.178658012904033 0.235901791509615 -0.019201987363154 -0.146327413871500
0.001953125000000 0.866676408768243 -0.063654936069116 0.435948275139230 -0.201369297759680 -0.314365967293428 0.915672168697952
0.001953125000000 0.495760204081058 -0.425340605925969 1.903680205832245 0.852911489740783 0.384372102757779 -0.005727003066990
0.001953125000000 -0.448737067882958 0.153889766883502 -0.131268548632839 -0.274186660091616 -0.645709135703601 -0.188334247581528
0.001953125000000 -0.223925639830007 -0.368546129097791 -0.105526270576645 0.353282154891633 -0.165862515425613 0.281772671820012
0.001953125000000 -0.229871973525474 0.795675314282324 0.244728765700199 0.151630489580541 -0.738478558371412 -0.281090279664061
0.001953125000000 -0.148578842811380 -0.320765088522939 -0.708386471561353 0.438234128532526 -0.420086300158270 -0.175552683940847
0.001953125000000 -0.627153582443559 1.750849183332950 0.028157473774063 -0.020200229653701 -0.439742528438571 0.135845345186412
0.001953125000000 -0.096353558865345 -0.419566815705143 -0.218891833788431 -0.048814260340918 0.531227627947725 0.641320875506223
0.001953125000000 0.349509391394019 -0.329979530964987 0.022916932847187 0.755192030715140 0.037882288834792 0.628578912644823
0.001953125000000 -0.765508348211496 -0.676599465814359 0.430396550768494 -0.376769989691905 0.411988994616987 -0.134892183221416
0.001953125000000 0.373281091993288 -0.606595744205619 -0.000191149782259 -0.060838006791357 -0.389462566208227 0.767426448591125
0.001953125000000 0.279836436337378 -0.013807741067536 -0.194332053646004 1.204361485258206 0.062226128319405 0.199596163647033
0.001953125000000 -0.474622115827464 0.376412366853452 -0.408543440091882 -0.783950606344250 -0.361538282810051 0.027997721943359
0.001953125000000 0.054463842881367 0.095113264906453 0.188240414251820 -0.445783356335902 0.481646471289833 -0.133156853281374
0.001953125000000 0.210546347948156 -0.053012057345389 0.516253079554847 0.240400728900024 0.204537312287960 0.010066627537896
0.001953125000000 -0.215069461782909 0.183685310738700 -0.882936422367194 0.042929852631378 -0.318262361982536 -0.088706524868090
0.001953125000000 1.568498898523199 -0.787761469612487 -1.734193171031709 0.151780828944344 -0.064085768662523 -0.286587572209089
0.001953125000000 -0.514057722034933 0.153366438505704 0.025820997791517 -0.544535841227872 -0.284566856497151 1.120033256931170
0.001953125000000 -0.445363381895400 0.079908192429476 -0.821984407372904 0.096161913061351 0.267582984919223 0.107189440457044
0.001953125000000 0.258586051989899 0.191040236196670 0.204246574736634 -0.375526235779792 -0.638245078042075 0.280629517884386
0.001953125000000 0.322097927189288 -0.268350933449808 0.016938942828946 -0.060643888452675 -0.241214600511986 -0.224120305415024
0.001953125000000 0.548200305624486 -2.621437328341678 -0.050299063653534 0.253314323754177 0.329877983921423 -0.279590722850854
0.001953125000000 -0.572126734412296 0.815028185566459 1.274435700590699 -0.580761896026182 -0.090912527730427 -0.194184097276732
0.001953125000000 -0.660225307068211 -0.602753693952521 -0.624511766638963 -0.341867691810531 0.313070649998776 0.253939352791394
0.001953125000000 0.029995573247956 0.485742486629152 -0.854887575112605 0.654183627079504 0.198715220471702 0.208697548393893
0.001953125000000 -1.218640238878091 -0.096109580181164 -0.077904894330678 -0.197114618165832 -0.433023586208365 -0.263589346801716
0.001953125000000 0.277859925816515 -0.191026057317465 1.379358592837049 0.125429997372201 -0.101449062203582 -0.303929241295598
0.001953125000000 -0.307156281970355 -0.558924793577669 -1.258109546531007 0.329815280188979 0.059227873448305 0.253535753466466
0.001953125000000 0.392236712696123 -0.245602565960379 -1.150704159201496 -0.128654752380838 0.776138190952552 0.119835317240821
0.001953125000000 0.088348171970950 -1.483544062187364 1.731432738401191 0.051885320712202 -0.321577185756873 -0.053043841950894
0.001953125000000 1.089959921789486 -0.391369346867825 -0.314224271854377 0.111838582462616 -0.065065080157270 0.481835070689025
0.001953125000000 0.033201355751169 -0.312239102537907 0.579427537711663 0.459890740726809 -0.371517608955453 -0.582894042042226
0.001953125000000 -0.199036114927778 0.282804836671236 0.645054566784553 0.134032132963720 0.617063124416029 0.279094883376047
0.001953125000000 -0.026393890561505 -0.272929586206138 -0.226998615674057 0.082190052942538 -0.723607984511226 -0.275188304991974
0.001953125000000 -1.405256620434076 5.247267039728627 -0.426384477960728 0.014133689659931 0.107610951382697 0.064924671080687
0.001953125000000 0.279428714230470 0.461173849328767 0.619269411899640 -0.632711264371628 0.168258944730544 -0.232964774591465
0.001953125000000 -2.078516474507609 -6.164127031378197 1.024843411605468 -0.199782644911773 0.171834218385554 0.045250889879674
0.001953125000000 -0.215154993487988 -0.148565527657531 -0.335008202484652 -0.228940636799294 0.862743064274397 -0.379121015639764
0.001953125000000 -0.178416520409812 -0.027546399345754 0.427858078905044 0.151029992957410 -0.308808964666918 0.006932990239274
0.001953125000000 0.031102088242316 0.143439005230255 0.564073229702923 -0.854214603427511 -0.738976176729849 -0.075057955675123
0.001953125000000 -1.821290499773946 -0.073677331446999 0.106922751402861 -0.576997165254825 0.198996634800890 0.194339252141026
0.001953125000000 0.110215031626722 -0.196134626734909 0.235084041035590 0.494105028740408 0.013893828369518 -0.364979725878358
0.001953125000000 0.248856822683139 -0.072943992531578 -0.262472972858519 -0.073261337002013 0.764646851594302 0.359612409608589
0.001953125000000 0.271062361681384 0.280584448768075 0.596787977097160 -0.647443117733792 -0.413203975876877 0.583181001164290
0.001953125000000 0.274813618525080 0.232847710757201 -0.004795501741275 -0.126087818732423 -0.412315260144581 0.206621047334973
0.001953125000000 0.041802426326572 0.183895298950402 -0.145649283300623 0.054398202211207 -0.702053236198646 0.043162343180403
0.001953125000000 -1.250571508971835 -0.759928460157999 -1.021011378270193 -0.126315712373467 0.040085910214506 0.342268131097129
0.001953125000000 -0.292632467022048 -0.435392790097944 -0.809772362620202 -0.335487960180685 -0.163713147497986 -0.047053104695810
0.001953125000000 -0.310122470878290 0.889595360387871 0.333311523706328 -0.024207877381159 -0.294761816681848 -0.536479135313303
0.001953125000000 2.277743902266070 -0.621622940774762 0.979410203666144 -0.130250753571651 -0.018207449847785 0.268445467977345
0.001953125000000 -0.021354050334596 -0.019694716419183 -0.258087712648309 0.930538696284801 -0.761016471054616 -0.259527233839071
0.001953125000000 0.157108308540553 -0.046763287480080 0.237994663132674 0.478006024642991 -0.413560681676880 -0.513320866936176
0.001953125000000 -0.175987051440625 -1.591690872405279 1.296993834162996 0.437363732950273 -0.398773119704218 -0.161164050922110
0.001953125000000 0.062280959074152 0.085942179889672 -0.158752548978459 -0.386122770941203 0.929037893318895 -0.156359624027393
0.001953125000000 -0.694610881161465 -0.346623751780189 -0.737102816191539 -0.813794456865588 0.250290168898918 -0.154912879045036
0.001953125000000 0.231000898034306 0.023067793320090 0.277917168308067 0.284550140032493 0.411561871969691 0.235879543964065
0.001953125000000 0.057974434630753 0.317288166515283 0.204598374123826 -0.508041334668938 0.417889219330526 -0.020779288082440
0.001953125000000 0.668057309692909 0.322783805252224 -0.670174615093601 -0.795763320673432 -0.471325386628899 -0.523442919730421
0.001953125000000 1.379347303935191 -1.380955481912066 0.878717186680801 0.381424198793144 0.009889633342947 0.497635113762545
0.001953125000000 0.596322086695598 0.124971554803290 0.561829495036982 0.112831809137776 0.227664017033044 0.578228032432906
0.001953125000000 0.511958456101617 -0.066263615249300 -0.006040431181559 0.501674541225956 0.108659616773978 -0.058462854065012
0.001953125000000 -3.341850823921149 2.514191459584798 3.742889407015242 0.084942990389325 0.169936874119689 0.402343512722582
0.001953125000000 -2.322536747356536 1.797452497868913 -0.112197933913316 -0.122453603818298 0.104661946328255 0.430260269310554
0.001953125000000 0.068748003915201 0.518411064117786 -0.640375304508660 -0.276435872860340 0.614626972274955 0.465008406977872
0.001953125000000 0.421683563638787 -0.746386796908170 -0.078572733651553 0.598961479684717 0.346119643934524 0.830649708519683
0.001953125000000 -0.370513849368845 0.175407024288278 0.340405449371659 -0.282052468835185 0.669748822079010 -0.238387726979309
0.001953125000000 0.605320550521658 0.174873760591524 -0.753417243146229 -0.531332768298470 0.278922686189956 -0.192938527545959
0.001953125000000 -0.026412297097150 0.136510742839009 -0.252156110908993 -0.030943065985088 -0.136123731442576 0.461198906164373
0.001953125000000 0.280295396470420 0.015301097216849 0.813795866063476 -0.559615010972760 -0.390038422474952 0.139261361049083
0.001953125000000 -0.155412299529558 0.660182424378974 0.186130051783424 -0.666864170810710 -0.139548368739649 0.303319590952554
0.001953125000000 0.347360209318824 -0.140424360986045 0.250340374232329 0.090892610858103 0.008372016936283 -0.227763393650312
0.001953125000000 -0.362817772127860 -0.391933410539903 -0.207085265755513 -0.027540727355940 -0.180659085843143 0.006289418578356
0.001953125000000 0.071195266572130 -0.194157775681342 -0.824864111199769 0.311891829749047 0.666302851025731 0.720721030818365
0.001953125000000 0.124474049474151 -0.017035783532686 0.529390517163900 0.250437310613448 -0.184639528616845 -0.132608420058992
0.001953125000000 -1.930831346922923 -0.026867772912000 -1.558474302377735 0.507868921915064 -0.189371305540111 0.255247383822331
0.001953125000000 -3.419794908691069 -1.025509694714677 1.543925130923382 0.271318209958196 -0.248319336737201 -0.177886609652028
0.001953125000000 0.278255529877543 0.135720603129433 -0.373375443925899 -0.103221690769052 0.284321964160802 0.531702290013333
0.001953125000000 -0.209052946305935 0.204822139014202 1.147083263738973 -0.152472111162865 -0.123518061344647 -1.050712100408512
0.001953125000000 -0.208842135025323 0.677526051986766 0.058196361764474 -0.759722147456091 0.177860071173497 0.453236891653610
0.001953125000000 -0.165074779320062 1.183106221130234 0.129221410039876 0.182505042197556 -0.157265962694689 0.292436081632198
0.001953125000000 -0.441729917026838 0.399205026380184 -2.380372276859831 -0.135087273940528 0.125940830314918 0.271048158780273
0.001953125000000 -0.276314375944379 -0.192497611028679 -0.318371760652641 -0.382784410424632 0.364892965358861 0.353901331827097
0.001953125000000 0.068953678808967 0.344511203240037 -0.279915476338689 0.332250542309037 -0.645796202751313 -0.598272923531757
0.001953125000000 -0.513642474312980 0.447954394734377 -0.817622695161566 0.218721511424126 -0.365374719420792 -0.564262099928013
0.001953125000000 0.107193953682446 -0.023185898366683 -0.146930391022765 0.943806365505886 -0.483458766745581 0.541709053654563
0.001953125000000 -1.164178365170164 -0.461740629806562 0.071189437670956 0.310220174849831 0.012502455511759 -0.456324635511540
0.001953125000000 -0.659956996240718 -0.459387815667966 0.149946333433898 -0.684970136021718 -0.426257854304864 -0.474119208439638
0.001953125000000 0.100683888135442 -1.537454947084079 0.723555538683599 -0.206245048249246 -0.331330964885075 -0.235327588095682
0.001953125000000 -3.634496327368645 0.871522799983679 -0.830606508038200 0.345221246449427 -0.013122436868940 -0.128515849406346
0.001953125000000 -0.499337271536235 0.605848294512370 -0.271298682347970 0.394959835373956 0.604252695331196 0.065203196550166
0.001953125000000 -0.180576791260428 0.349377208599185 0.383251137039823 -0.781195541922110 0.468582490878181 -0.054344242565895
0.001953125000000 -0.158701565872212 0.210312350656660 0.097716769754708 -0.875440621998729 -0.184368223780025 -0.058434951164352
0.001953125000000 0.366132955937260 0.309435061890137 -0.675308600850921 -0.520372182113668 -0.509372968216129 -0.177875692065530
0.001953125000000 0.084526905642664 -0.283608877644593 -0.313118560163673 0.815661639709635 0.134261385326474 -0.840802367642763
0.001953125000000 0.097782531987441 0.350157459372629 -0.192961185706062 0.037453324243380 0.492797601929297 -0.312302842775915
0.001953125000000 1.852727686110370 -1.235079606609512 -4.386692096729590 -0.114328515641688 0.208764937717797 -0.365095877960562
0.001953125000000 0.821892133598083 1.637494871321029 0.212953355864110 -0.297755658714389 -0.121776005981969 -0.519864868798119
0.001953125000000 0.410409401664293 0.043245882550080 0.343340171875089 -0.291540248704066 -0.292202845701105 0.071945571145052
0.001953125000000 -0.158991841564794 0.284867419101586 0.325916644441342 0.303219363676250 0.028205719591467 0.844548607637012
0.001953125000000 0.098268653788761 0.871758163823610 1.790907126042319 0.010198924566033 -0.239897636550564 0.439420276889749
0.001953125000000 0.426682019057898 0.303466473845503 -0.237229442097717 -0.117988533134450 0.879610255069045 -0.018494295826763
0.001953125000000 -3.738863822223418 -1.768090168785207 7.869816441401118 -0.002333346654386 -0.069045773933992 -0.185193118769831
0.001953125000000 -0.199600399496392 -0.449282544940307 0.155994714597225 -0.487683000902086 -0.443493772929406 -0.454185299014346
0.001953125000000 -0.132199932673135 -0.017256178981247 0.023966000993143 0.021841918486629 -0.369090733415333 -0.217961201819055
0.001953125000000 -0.065468063847873 0.006179170113563 -0.200634894499219 -0.531183384006311 0.040876155930401 -0.241984373370802
0.001953125000000 0.168682162290025 0.136540801200228 -0.128863420027190 -0.352091484086273 0.205450373040561 -0.230655623788841
0.001953125000000 0.117443086454517 0.849596019719372 -0.260292263648050 -0.446789259452798 -0.352649638812334 0.479281537354268
0.001953125000000 0.520450480616153 0.513842115820031 0.335018642349065 -0.856518261094814 0.697718729617703 0.149261819200727
0.001953125000000 0.117474473230488 0.042170872501171 -0.250808449120179 0.754874524365706 -0.494972775392851 0.568245128255021
0.001953125000000 1.597717699524803 -3.048445570794894 4.035138868266823 0.275156892213971 -0.223959373374670 -0.094607700750747
0.001953125000000 1.161952905785105 -0.681971025177746 -0.633770866821419 0.095127793911286 0.650025298390563 -0.050962241325587
0.001953125000000 0.257481010667771 0.032135784267983 -0.399973220931395 -0.950358506799778 0.118641774629330 0.255577088399932
0.001953125000000 -0.634521934461972 -0.371716570060543 1.206771425474267 -0.103302624655441 -0.030192933154940 0.415286384416122
0.001953125000000 1.209822065906472 0.621185582643676 -1.289421074420255 0.396188167794092 0.012506829009973 -0.177500235693491
0.001953125000000 0.248273906999736 -0.475698013335378 -0.010396346793988 -0.285886749252381 0.367224265927488 0.155439384230940
0.001953125000000 -0.313249294003985 -0.429816755264861 0.188573837303409 0.643996523128892 0.217121766868292 -1.088524338152977
0.001953125000000 0.004841237706885 -0.186529287269269 -0.419979667593818 0.158757216159939 0.207601614761880 0.087659368082056
0.001953125000000 0.134609708675651 0.807433747952867 0.803771964636265 0.549892014420722 -0.064728539091706 -0.515048092163465
0.001953125000000 0.098071368690828 -0.497723206436263 0.120323912483481 0.137165368234750 -0.282157536408841 0.195116830714358
0.001953125000000 -0.005627182973477 -0.105397174932393 0.287920873320860 0.420082120490787 -0.372981021559550 0.053720534628278
0.001953125000000 0.628596644341759 -0.066743304395367 -0.357766570153431 0.269910949712893 -0.915128628749295 -0.491906805031580
0.001953125000000 0.243307119209405 0.132306798715631 -0.097634821524442 -0.242173801881589 0.003514959304947 -0.782561446739234
0.001953125000000 2.352697165677969 -0.036992408730802 0.023157107269482 -0.201341934238263 0.508338160347480 -0.030987744897094
0.001953125000000 0.095560634212870 -0.048177404606770 -0.063225308135710 1.008275645645532 0.113608736717007 0.662012377399312
0.001953125000000 0.575545277607670 0.411600251315347 0.408698248288288 0.005528865826069 0.449889360060820 -0.580650660772636
0.001953125000000 -0.435593728598830 -0.548014487478715 -0.493022551560926 -0.347473185930597 0.587664848541826 0.691755064930436
0.001953125000000 0.058221290563403 0.165432618092599 -0.075256019579059 0.651506227488244 0.197378726706458 0.994947400616256
0.001953125000000 -0.080587832368326 0.427840788753228 -0.188072722599219 0.754912326844398 0.047112530194050 -0.163651620176511
0.001953125000000 0.652540664833349 1.636337854068548 -0.464757855686088 -0.218615145994838 -0.183710064947444 0.175581243897542
0.001953125000000 -1.081211571909863 1.046287900605491 1.025184109039507 0.279099843454878 -0.149733078413976 -0.445090839235045
0.001953125000000 -0.146364080960610 0.110650562705454 0.230262935310143 -0.262752120944982 0.593843104286081 -0.024462426519049
0.001953125000000 -0.510142918049332 0.017245151777602 -0.579516605196106 -0.064637906579924 0.878193639613978 0.148176909756162
0.001953125000000 -2.066504022228243 0.493090405573661 -1.203053738064590 0.092662320147784 -0.075546897009850 0.680589310087137
0.001953125000000 0.527124456937983 0.425715250670415 -0.780569296444608 0.033222617195489 0.079348915895554 0.811183501718378
0.001953125000000 -0.381397589412024 -0.446093326261359 0.348521300552819 -0.211524755037262 -0.662679365375268 0.232606105071196
0.001953125000000 0.511518797812137 -1.077387611990243 -0.098779718694991 -0.403107973165872 -0.450398082039043 0.372431505764870
0.001953125000000 0.029470681946693 -0.385768201799145 -0.083002575918914 0.625533494424479 -0.615117473334949 0.063621801590337
0.001953125000000 -0.458157388988905 0.184204513913482 0.192831170618636 -0.005362064997527 0.119614953658409 0.143423112592712
0.001953125000000 0.298115412836445 -0.960927291430538 0.103650584548522 -0.651888947323131 0.650270351600695 -0.234713174961294
0.001953125000000 -0.408437115158801 0.548976631324291 -0.264310711366950 0.288408002751082 -0.816625894988182 -0.751617641547725
0.001953125000000 0.503387209655485 -0.438528898498322 -0.474401457048603 -0.402291176250509 0.272910338913832 -0.094790562395535
0.001953125000000 -0.571352163492241 0.704957014735572 0.793773268513828 0.208541180301256 -0.082779222764517 0.370824423265144
0.001953125000000 0.189847582247231 0.430546733555242 -0.207802262340669 -0.013973616039309 0.260639566194504 0.355939867822753
0.001953125000000 -2.128610206986660 0.296736080965689 -0.300398517581332 -0.014142310522710 0.305859077841944 -0.237657621516609
0.001953125000000 -0.282448650872281 -0.412799158494619 -0.385677932173886 -1.020438907187331 -0.264844964600101 0.068058380529139
0.001953125000000 1.162375690456810 -0.338966817955747 -0.299016984271880 -0.008638810375072 0.378906883187516 0.347622265374217
0.001953125000000 -0.808544559732528 0.753838385299845 -0.280741851233846 0.065397445130258 0.181555359753273 -0.507356717515933
0.001953125000000 -0.044824134919341 1.181946398186046 -1.892065878129866 -0.351713337708239 0.055303075794612 -0.082896769905739
0.001953125000000 1.423424179349347 -1.353197332160590 -1.046275734939816 0.470476602546806 0.346754327970587 -0.206681684908838
0.001953125000000 0.330196787823956 0.419473568262266 0.561319256506949 -0.334423305224554 -0.059692941929493 -0.150864117662174
0.001953125000000 -0.001816204159933 0.372507271742799 -0.162168683651629 0.176126721888541 0.253522927573419 -0.977605273940044
0.001953125000000 0.603860352752229 -0.000186759655325 0.016605463072267 -0.064315842980555 -0.052517982541998 -0.260810140717106
0.001953125000000 -0.692078316127126 -0.903154936207250 0.972709901212903 -0.206442824442955 0.014797525582408 -0.524846099199572
0.001953125000000 0.219482480409703 -0.302325931901738 0.022457737286193 -0.267989232686097 0.402149575791015 0.609422379193626
0.001953125000000 0.263762706095715 0.846880417840569 -1.068605653470516 -0.241922280527432 -0.147836194225662 -0.166943503213382
0.001953125000000 -0.307092936890172 0.069486132578064 0.106648139656213 -0.456691399892206 0.103774842819365 -0.256659015863054
0.001953125000000 0.012701344790560 0.131654348192730 -0.132776391265170 0.169338591842885 -0.680990892122604 -0.085577868802762
0.001953125000000 0.971487550081825 -0.558009266939599 0.323932221040739 -0.281489893530161 0.323645373906688 -0.015052825784387
